A,B,weight,backwardweight,SUM,Diff,Normalized_weight,Normalized_backward_weight,Weight_greater_than_mean,Backward_weight_greater_than_mean
Polyhedron,Vertex_(geometry),1574,3822,5396,2248,0.000404355426878846,0.00242596275239502,1,1
Radius,Geometry,939,0,939,939,0.000529919874309101,0,1,0
Equilateral_triangle,Square,440,332,772,108,0.00043021560646223,0.00015080619995176,1,1
Similarity_(geometry),Square,35,0,35,35,8.35647280445615E-05,0,1,0
Tessellation,Vertex_(geometry),20,419,439,399,1.68678295910648E-05,0.000265954576989407,0,1
Pythagorean_theorem,Altitude_(triangle),598,0,598,598,8.47377889728646E-05,0,1,0
Bisection,Line_(geometry),41,0,41,41,0.000167051019826104,0,1,0
Altitude_(triangle),Bisection,304,0,304,304,0.000831826104563825,0,1,0
Geometry,Parallelogram,101,0,101,101,3.5398805749439E-06,0,1,0
Decagon,Polygon,3102,3610,6712,508,0.022344678552134,0.000250319573499825,1,1
Congruence_(geometry),Geometry,1055,994,2049,61,0.00164495225740462,3.52527710575459E-05,1,1
Distance,Arc_length,101,0,101,101,0.000390086398343871,0,1,0
Circle,Cone,10,709,719,699,1.32630532981102E-06,0.000669285280726944,0,1
Geometry,Perpendicular,35,2328,2363,2293,1.2266912883469E-06,0.00238776332834515,0,1
Angle_bisector_theorem,Triangle,109,0,109,109,0.000858835765388131,0,1,0
Isosceles_triangle,Line_segment,12,0,12,12,1.12797220676483E-05,0,0,0
Angle,Circle,10,848,858,838,1.38105809766152E-06,9.76719184135408E-05,0,1
Similarity_(geometry),Reflection_(mathematics),595,0,595,595,0.00142060037675755,0,1,0
Triangle,Sphere,10,0,10,10,1.09367728754909E-06,0,0,0
Diameter,Geometry,1324,14,1338,1310,0.00143415454206709,4.96517902218956E-07,1,0
Midpoint,Line_segment,674,781,1455,107,0.00441993297965126,0.000543001777791992,1,1
Rectangle,Square,10083,15341,25424,5258,0.0042058308507683,0.00696842745018058,1,1
Polyhedron,Polygon,6942,1944,8886,4998,0.00178337698436655,0.000134798130438687,1,1
Perpendicular,Cartesian_coordinate_system,212,3957,4169,3745,0.000195698148529356,0.0010462112320836,1,1
Line_(geometry),Hexagon,10,0,10,10,2.07486873342958E-06,0,0,0
Isosceles_triangle,Vertex_(geometry),439,0,439,439,0.000412649832308132,0,1,0
Edge_(geometry),Diagonal,518,207,725,311,0.000873001828584911,0.00144109272422219,1,1
Perpendicular,Line_(geometry),1569,530,2099,1039,0.00144835092001207,0.000114966589190755,1,1
Triangle_inequality,Right_triangle,127,0,127,127,0.000141338980957076,0,1,0
Pentagon,Vertex_(geometry),493,0,493,493,0.000198409264787024,0,1,0
Congruence_(geometry),Line_segment,884,0,884,884,0.00137832966402435,0,1,0
Geometry,Rectangle,62,0,62,62,2.17299599650021E-06,0,1,0
Square,Edge_(geometry),492,687,1179,195,0.000139677452964611,0.00121045110887541,1,1
Circle,Secant_line,1855,2966,4821,1111,0.000246029638679944,0.0320888013761617,1,1
Prism_(geometry),Polygon,1061,0,1061,1061,0.00198415295743515,0,1,0
Edge_(geometry),Square,687,492,1179,195,0.00115782288849003,0.0002234838866755,1,1
Parallel_(geometry),Line_(geometry),1745,569,2314,1176,0.00323763298415137,0.000123426394810452,1,1
Right_triangle,Pythagorean_triple,10716,1156,11872,9560,0.00673079640848322,0.00122475661140782,1,1
Pythagorean_theorem,Trigonometric_functions,1024,1912,2936,888,0.000145102835966912,0.00045668720724069,1,1
Trigonometric_functions,Line_segment,10,0,10,10,1.91082522617961E-06,0,0,0
Circle,Sphere,3069,4696,7765,1627,0.000407043105719002,0.00112801451429919,1,1
Line_segment,Polyhedron,1655,0,1655,1655,0.000927954300913993,0,1,0
Rhombus,Polygon,189,244,433,55,6.10737344165035E-05,1.69191069069134E-05,1,1
Rotation_(mathematics),Reflection_(mathematics),1011,10,1021,1001,0.00148000673395744,4.64401317042135E-05,1,0
Rectangle,Bisection,24,0,24,24,1.00109035424416E-05,0,0,0
Line_(geometry),Diagonal,10,0,10,10,2.07486873342958E-06,0,0,0
Octagon,Edge_(geometry),148,0,148,148,0.000344674201368916,0,1,0
Similarity_(geometry),Isosceles_triangle,575,0,575,575,0.00137284910358922,0,1,0
Similarity_(geometry),Circle,676,46,722,630,0.00161399303308924,5.2982408573383E-06,1,0
Right_angle,Triangle,480,0,480,480,0.00113870628731932,0,1,0
Symmetry,Geometry,520,1117,1637,597,0.000287438760342959,3.96150354841839E-05,1,1
Angle,Right_angle,4573,3786,8359,787,0.000631557868060615,0.0122475519453421,1,1
Midpoint,Angle,138,0,138,138,0.000904971440937498,0,1,0
Heptagon,Polygon,4511,4501,9012,10,0.0118722711015078,0.00031210204995089,1,1
Square,Octagon,106,668,774,562,3.00931097850585E-05,0.00127283917448377,1,1
Radius,Sphere,734,1689,2423,955,0.000414229166925325,0.000405710501416384,1,1
Rectangle,Polygon,895,52,947,843,0.000373323277936886,3.60571130803072E-06,1,0
Bisection,Diagonal,52,0,52,52,0.000211869586120912,0,1,0
Polygon,Angle,618,478,1096,140,4.45006647376805E-05,6.9109009920902E-05,1,1
Symmetry,Rotational_symmetry,4327,966,5293,3361,0.0023918221461615,0.00289477232885333,1,1
Diagonal,Edge_(geometry),207,518,725,311,0.00185282981713375,0.000912683659967193,1,1
Line_(geometry),Tangent,632,939,1571,307,0.000131131703952749,0.000350709972936694,1,1
Triangle_inequality,Line_(geometry),11,169,180,158,1.22419589805342E-05,3.66591576853538E-05,0,1
Angle,Trigonometric_functions,1264,5280,6544,4016,0.000174565743544417,0.00126114458903287,1,1
Polygon,Nonagon,3841,2036,5877,1805,0.00027658099232594,0.0113184051944587,1,1
Triangle,Equilateral_triangle,6605,5348,11953,1257,0.000722373848426171,0.00588270881801332,1,1
Triangle,Triangle_inequality,3310,466,3776,2844,0.000362007182178747,0.000895786918050875,1,1
Triangle,Pythagorean_theorem,3389,1352,4741,2037,0.000370647232750385,0.000252538695671259,1,1
Collinearity,Altitude_(triangle),128,0,128,128,0.00133498816240965,0,1,0
Line_segment,Quadrilateral,88,0,88,88,4.93413767253362E-05,0,1,0
Pentagon,Diagonal,286,0,286,286,0.000115101520748659,0,1,0
Two-dimensional_space,Coordinate_system,898,836,1734,62,0.00156782501815744,0.000293990944656908,1,1
Trigonometric_functions,Tangent,3986,34545,38531,30559,0.000761654935155191,0.0129023173749713,1,1
Dodecagon,Geometry,254,0,254,254,0.00128181189662742,0,1,0
Rotation_(mathematics),Space_(mathematics),309,0,309,309,0.000452346271803017,0,1,0
Rotation_(mathematics),Rotational_symmetry,21,0,21,21,3.07419796370983E-05,0,0,0
Angle,Acute_and_obtuse_triangles,11,798,809,787,1.51916390742768E-06,0.00308323577480788,0,1
Transversal_(geometry),Congruence_(geometry),37,0,37,37,0.000551637767805227,0,1,0
Pythagorean_theorem,Isosceles_triangle,236,1227,1463,991,3.34416692267493E-05,0.000681526196545045,1,1
Dodecagon,Hexagon,964,2069,3033,1105,0.00486482940294817,0.000982169517046979,1,1
Sine,Cartesian_coordinate_system,1177,0,1177,1177,0.000591647267640212,0,1,0
Pythagorean_theorem,Point_(geometry),10,0,10,10,1.41701988248938E-06,0,0,0
Radius,Line_(geometry),219,0,219,219,0.000123591536180717,0,1,0
Trigonometric_functions,Right_triangle,3703,3398,7101,305,0.000707578581254308,0.00231216704760492,1,1
Polygon,Hexagon,5171,11330,16501,6159,0.000372351031324508,0.0053784343296966,1,1
Square,Circle,917,1101,2018,184,0.000260333789366969,0.000126812243128901,1,1
Heptagon,Edge_(geometry),22,0,22,22,5.79006792802419E-05,0,0,0
Rectangle,Vertex_(geometry),2170,0,2170,2170,0.000905152528629099,0,1,0
Reflection_symmetry,Rotational_symmetry,242,523,765,281,0.00160945989984105,0.00156725251344751,1,1
Prism_(geometry),Parallelogram,730,0,730,730,0.0013651570772174,0,1,0
Rotation_(mathematics),Point_(geometry),10,0,10,10,1.46390379224277E-05,0,0,0
Polygon,Pentagon,5676,4969,10645,707,0.000408714843124716,0.0052494408801397,1,1
Kite_(geometry),Quadrilateral,2701,4427,7128,1726,0.010861741015237,0.00196379989735186,1,1
Vertex_(geometry),Point_(geometry),1290,0,1290,1290,0.000873397332820579,0,1,0
Two-dimensional_space,Point_(geometry),1999,36,2035,1963,0.00349006927761327,1.28948649424083E-05,1,0
Arc_length,Circle,457,0,457,457,0.00100510027909677,0,1,0
Hendecagon,Polygon,1275,2852,4127,1577,0.0222338477635365,0.000197759397125069,1,1
Pythagorean_theorem,Two-dimensional_space,57,501,558,444,8.07701333018944E-06,0.000710693742064984,0,1
Diameter,Chord_(geometry),2471,1189,3660,1282,0.00267658298598775,0.00195735630140324,1,1
Geometry,Rhombus,59,0,59,59,2.06785102892762E-06,0,1,0
Quadrilateral,Edge_(geometry),2231,0,2231,2231,0.000636211952400738,0,1,0
Rectangle,Edge_(geometry),752,0,752,752,0.000313674977663171,0,1,0
Chord_(geometry),Diameter,1189,2471,3660,1282,0.00254456193515112,0.00363250407572544,1,1
Triangle,Circle,1272,1263,2535,9,0.000139115750976244,0.000145471265278658,1,1
Trigonometric_functions,Sine,23537,48573,72110,25036,0.00449750933485894,0.0122081945429197,1,1
Quadrilateral,Convex_polygon,2265,0,2265,2265,0.000645907697080982,0,1,0
Trigonometric_functions,Similarity_(geometry),1012,0,1012,1012,0.000193375512889376,0,1,0
Geometry,Pythagorean_theorem,2023,977,3000,1046,7.09027564664505E-05,0.00018249282963818,1,1
Polygon,Isosceles_triangle,98,0,98,98,7.05673971568396E-06,0,1,0
Radius,Diameter,3664,4501,8165,837,0.00206775976514222,0.00661671422292197,1,1
Polygon,Square,134,40,174,94,9.64901144797602E-06,1.8169421680935E-05,1,0
Dodecagon,Polygon,3153,3405,6558,252,0.0159116256301821,0.000236104750073934,1,1
Prism_(geometry),Polyhedron,4091,1234,5325,2857,0.00765048986698134,0.000498159353668516,1,1
Transversal_(geometry),Plane_(geometry),221,0,221,221,0.00329491747797176,0,1,0
Line_segment,Triangle,54,0,54,54,3.02776629905472E-05,0,1,0
Plane_(geometry),Geometry,1369,3205,4574,1836,0.00202751436217716,0.000113667134043697,1,1
Line_(geometry),Circle,40,11,51,29,8.29947493371832E-06,1.26697063979829E-06,1,0
Perpendicular,Slope,13,10,23,3,1.2000358164536E-05,2.40948179275083E-05,0,0
Rhombus,Trapezoid,3278,3779,7057,501,0.00105925767945661,0.00237359313259649,1,1
Quadrilateral,Rectangle,5028,11073,16101,6045,0.00143382953683142,0.00650828067482048,1,1
Quadrilateral,Rhombus,5395,13892,19287,8497,0.00153848654558583,0.00520733374916035,1,1
Rectangle,Triangle,1142,1099,2241,43,0.000476352160227848,0.000160260172693096,1,1
Similarity_(geometry),Rotation_(mathematics),452,0,452,452,0.00107917877360405,0,1,0
Circle,Triangle,1263,1272,2535,9,0.000167512363155132,0.000185487661206203,1,1
Pythagorean_theorem,Similarity_(geometry),849,441,1290,408,0.000120304988023348,0.00231640762471045,1,1
Geometry,Polygon,993,7583,8576,6590,3.48029842665276E-05,0.000525809785553787,1,1
Quadrilateral,Angle,783,10,793,773,0.000223287296606803,1.44579518662975E-06,1,0
Hexagon,Edge_(geometry),576,0,576,576,0.000683578104138852,0,1,0
Circumference,Sphere,10,66,76,56,1.87611276938634E-05,1.58536963253294E-05,0,1
Angle,Skew_lines,14,0,14,14,1.93348133672613E-06,0,0,0
Prism_(geometry),Perpendicular,10,0,10,10,1.87007818796904E-05,0,0,0
Congruence_(geometry),Similarity_(geometry),4706,3369,8075,1337,0.00733757850554138,0.017696093622788,1,1
Congruence_(geometry),Translation_(geometry),1048,0,1048,1048,0.00163403788223701,0,1,0
Star_polygon,Geometry,75,0,75,75,0.000152949789643056,0,1,0
Perpendicular,Altitude_(triangle),69,475,544,406,6.36942087194602E-05,0.00129972828838098,1,1
Triangle,Angle,1288,866,2154,422,0.000140865634636322,0.000125205863162136,1,1
Circle,Circumference,6033,2797,8830,3236,0.000800160005474988,0.00824604281338353,1,1
Parallel_(geometry),Plane_(geometry),800,436,1236,364,0.00148430165462527,0.000339855015979422,1,1
Radius,Point_(geometry),101,0,101,101,5.69988363207872E-05,0,1,0
Diagonal,Geometry,163,56,219,107,0.00145899159513431,1.98607160887583E-06,1,1
Pentagon,Circle,11,0,11,11,4.42698156725611E-06,0,0,0
Rotation_(mathematics),Line_(geometry),33,0,33,33,4.83088251440115E-05,0,1,0
Collinearity,Geometry,49,0,49,49,0.000511050155922446,0,1,0
Similarity_(geometry),Equilateral_triangle,944,0,944,944,0.00225386009354474,0,1,0
Star_polygon,Octagon,10,0,10,10,2.03933052857408E-05,0,0,0
Line_(geometry),Square,11,0,11,11,2.28235560677254E-06,0,0,0
Secant_line,Chord_(geometry),1619,3923,5542,2304,0.021018876742918,0.00645812344020598,1,1
Polyhedron,Tessellation,34,88,122,54,8.73448825532451E-06,3.71092407491512E-05,0,1
Pyramid_(geometry),Cone,4555,1270,5825,3285,0.00504772902061867,0.00119886079904544,1,1
Point_(geometry),Space_(mathematics),3219,0,3219,3219,0.00107404217892762,0,1,0
Pythagorean_theorem,Sphere,45,136,181,91,6.37658947120219E-06,3.26682227309817E-05,0,1
Circle,Cartesian_coordinate_system,985,0,985,985,0.000130641074986385,0,1,0
Tangent,Angle,477,363,840,114,0.000246025171933944,5.24823652746599E-05,1,1
Square,Hexagon,410,499,909,89,0.000116397877470509,0.000236878970036946,1,1
Geometry,Trigonometric_functions,11,740,751,729,3.85531547766167E-07,0.000176751324978091,0,1
Rectangle,Right_angle,2136,382,2518,1754,0.000890970415277306,0.00123575405259395,1,1
Point_(geometry),Line_segment,162,2112,2274,1950,5.40524488929091E-05,0.00146839917374736,1,1
Triangle,Isosceles_triangle,8296,13687,21983,5391,0.000907314677750721,0.00760232196586148,1,1
Altitude_(triangle),Triangle,537,2808,3345,2271,0.0014693770333907,0.000409472761530676,1,1
Face_(geometry),Polygon,653,0,653,653,0.00566147337026729,0,1,0
Right_angle,Pythagorean_triple,627,0,627,627,0.00148743508781086,0,1,0
Rectangle,Trapezoid,1305,629,1934,676,0.000544342880120264,0.000395075438053239,1,1
Square,Kite_(geometry),538,610,1148,72,0.000152736727022278,0.00111502079239592,1,1
Angle,Congruence_(geometry),646,1032,1678,386,8.92163531089344E-05,0.00205605949821788,1,1
Circle,Coordinate_system,10,0,10,10,1.32630532981102E-06,0,0,0
Translation_(geometry),Scaling_(geometry),2030,35,2065,1995,0.0075103961641484,0.000561608446591037,1,1
Line_(geometry),Cartesian_coordinate_system,1263,0,1263,1263,0.000262055921032156,0,1,0
Right_angle,Cartesian_coordinate_system,135,0,135,135,0.000320261143308559,0,1,0
Quadrilateral,Distance,15,0,15,15,4.27753441775485E-06,0,0,0
Parallelogram,Right_triangle,24,0,24,24,7.60117881614807E-06,0,0,0
Rhombus,Convex_polygon,481,0,481,481,0.000155431038382742,0,1,0
Isosceles_triangle,Acute_and_obtuse_triangles,1334,493,1827,841,0.0012539291031869,0.0019048060613788,1,1
Polygon,Star_polygon,4321,210,4531,4111,0.000311144615423167,0.000367079602085711,1,1
Rigid_transformation,Reflection_(mathematics),696,0,696,696,0.00779168439200233,0,1,0
Polyhedron,Pyramid_(geometry),1802,4865,6667,3063,0.000462927877532199,0.00539126271905814,1,1
Bisection,Angle_bisector_theorem,1272,2099,3371,827,0.00518265602972693,0.0190828590650399,1,1
Arc_length,Arc_(geometry),2567,3175,5742,608,0.0056457164473554,0.0164229517863516,1,1
Line_segment,Skew_lines,57,0,57,57,3.19597553789109E-05,0,1,0
Line_segment,Point_(geometry),2112,162,2274,1950,0.00118419304140807,5.80268922408374E-05,1,1
Perpendicular,Line_segment,771,671,1442,100,0.000711713549604404,0.000466522654159317,1,1
Line_(geometry),Triangle_inequality,169,11,180,158,3.50652815949599E-05,2.11451847608576E-05,1,0
Chord_(geometry),Line_(geometry),61,0,61,61,0.000130545229641899,0,1,0
Edge_(geometry),Polygon,665,1732,2397,1067,0.0011207455907509,0.000120097922798254,1,1
Face_(geometry),Tessellation,34,0,34,34,0.00029477809278574,0,1,0
Triangle_inequality,Triangle,466,3310,3776,2844,0.000518613898629902,0.000482676225308596,1,1
Quadrilateral,Vertex_(geometry),3455,0,3455,3455,0.000985258760889533,0,1,0
Geometry,Plane_(geometry),3205,1369,4574,1836,0.000112329873690051,0.00106711357081612,1,1
Rectangle,Perpendicular,51,0,51,51,2.12731700276885E-05,0,1,0
Slope,Tangent,1151,201,1352,950,0.0024959827905131,7.50721028330942E-05,1,1
Hendecagon,Geometry,71,0,71,71,0.00123812014996948,0,1,0
Circle,Tangent,1927,92,2019,1835,0.000255579037054584,3.43613605007197E-05,1,1
Pythagorean_theorem,Congruence_(geometry),1306,281,1587,1025,0.000185062796653112,0.000559837906007001,1,1
Rigid_transformation,Rotation_(mathematics),740,0,740,740,0.00828426214092202,0,1,0
Square,Quadrilateral,10022,3714,13736,6308,0.00284521836099865,0.00164751588406705,1,1
Trapezoid,Angle,311,0,311,311,0.000558111823356711,0,1,0
Edge_(geometry),Polyhedron,904,761,1665,143,0.00152353987073506,0.00030721172458812,1,1
Rectangle,Parallelogram,5832,5213,11045,619,0.00243264956081332,0.00228000649056135,1,1
Radius,Circle,1254,4203,5457,2949,0.000707688522240269,0.000484097963552019,1,1
Quadrilateral,Diagonal,40,106,146,66,1.14067584473463E-05,0.000737950863611364,0,1
Slope,Grade_(slope),6152,6100,12252,52,0.0133408220045496,0.0222698448047373,1,1
Cone,Polygon,693,0,693,693,0.00228962992576048,0,1,0
Rectangle,Angle,960,0,960,960,0.000400436141697666,0,1,0
Pythagorean_theorem,Triangle,1352,3389,4741,2037,0.000191581088112564,0.000494196292317471,1,1
Sphere,Geometry,2894,617,3511,2277,0.00671987145401393,2.18822532620783E-05,1,1
Geometry,Vertex_(geometry),263,1012,1275,749,9.21770882386381E-06,0.000642353298122386,1,1
Pythagorean_triple,Triangle,186,958,1144,772,0.00024632857848545,0.000139699040436748,1,1
Equilateral_triangle,Right_triangle,567,231,798,336,0.0005543914746911,0.000157183810475791,1,1
Secant_line,Point_(geometry),22,0,22,22,0.00028561784332563,0,0,0
Line_segment,Angle,24,0,24,24,1.34567391069099E-05,0,0,0
Prism_(geometry),Cross_section_(geometry),199,0,199,199,0.000372145559405839,0,1,0
Geometry,Coordinate_system,882,3353,4235,2471,3.09126204663418E-05,0.00117912875291222,1,1
Triangle,Rectangle,1099,1142,2241,43,0.000120195133901645,0.000671223383965049,1,1
Transversal_(geometry),Angle,2048,1735,3783,313,0.0305338959044623,0.000250845464880261,1,1
Altitude_(triangle),Right_triangle,314,2382,2696,2068,0.000859188805371845,0.00162083046126984,1,1
Quadrilateral,Tangent,11,0,11,11,3.13685857302022E-06,0,0,0
Polygon,Geometry,7583,993,8576,6590,0.000546033237388076,3.52173054931017E-05,1,1
Circumference,Circle,2797,6033,8830,3236,0.0052474874159736,0.000694875806354825,1,1
Isosceles_triangle,Kite_(geometry),62,23,85,39,5.82785640161826E-05,4.20417675821414E-05,0,0
Face_(geometry),Polyhedron,2088,1841,3929,247,0.0181028428746066,0.000743202082742089,1,1
Polygon,Heptagon,4501,4511,9012,10,0.000324105974084627,0.0148403291125082,1,1
Diagonal,Vertex_(geometry),1057,0,1057,1057,0.00946106819666849,0,1,0
Diagonal,Line_segment,569,955,1524,386,0.00509304427994737,0.000663977846083678,1,1
Rectangle,Tessellation,200,0,200,200,8.34241961870137E-05,0,1,0
Trigonometric_functions,Triangle,1130,1184,2314,54,0.000215923250558295,0.000172655181500114,1,1
Triangle,Exterior_angle_theorem,474,0,474,474,5.18403034298267E-05,0,1,0
Sine,Triangle,10,0,10,10,5.02673974205788E-06,0,0,0
Perpendicular,Bisection,870,452,1322,418,0.000803100892549716,0.00222934648581998,1,1
Trigonometric_functions,Radius,529,0,529,529,0.000101082654464901,0,1,0
Line_(geometry),Point_(geometry),354,755,1109,401,7.34503531634071E-05,0.00027043397309773,1,1
Quadrilateral,Trapezoid,9873,17181,27054,7308,0.00281547315376624,0.0107914007968087,1,1
Convex_polygon,Vertex_(geometry),110,80,190,30,0.00037153250402775,5.07789168476195E-05,1,1
Reflection_(mathematics),Perpendicular,10,0,10,10,3.57232165184153E-05,0,0,0
Acute_and_obtuse_triangles,Angle,798,11,809,787,0.00390542795757863,1.59037470529272E-06,1,0
Geometry,Altitude_(triangle),79,54,133,25,2.76881747941156E-06,0.000147758584363311,1,1
Edge_(geometry),Geometry,217,0,217,217,0.00036571698224503,0,1,0
Line_(geometry),Slope,2277,2211,4488,66,0.000472447610601915,0.00532736424377209,1,1
Pentagon,Star_polygon,805,1517,2322,712,0.000323974560149197,0.00265171312554297,1,1
Angle_bisector_theorem,Angle,386,0,386,386,0.00304138170128274,0,1,0
Polygon,Decagon,3610,3102,6712,508,0.000259947248710399,0.013750609512833,1,1
Scaling_(geometry),Similarity_(geometry),206,1089,1295,883,0.00661082763711049,0.00572010862428499,1,1
Triangle,Midpoint,34,0,34,34,3.71850277766689E-06,0,0,0
Line_(geometry),Quadrilateral,22,0,22,22,4.56471121354508E-06,0,0,0
Radius,Line_segment,1065,0,1065,1065,0.000601027333481568,0,1,0
Line_segment,Parallel_(geometry),33,0,33,33,1.85030162720011E-05,0,0,0
Perpendicular,Quadrilateral,42,40,82,2,3.87703879161932E-05,1.77438436625423E-05,1,0
Cone,Cartesian_coordinate_system,172,0,172,172,0.000568277557331606,0,1,0
Circle,Convex_polygon,126,0,126,126,1.67114471556189E-05,0,1,0
Distance,Cartesian_coordinate_system,133,0,133,133,0.000513678128512226,0,1,0
Right_angle,Angle,3786,4573,8359,787,0.00898154584123113,0.000661162138845784,1,1
Circle,Radius,4203,1254,5457,2949,0.000557446130119572,0.000884610527993973,1,1
Heptagon,Geometry,747,0,747,747,0.00196599124647003,0,1,0
Arc_(geometry),Chord_(geometry),631,944,1575,313,0.00195834406646576,0.00155403225275413,1,1
Geometry,Line_(geometry),3184,89,3273,3095,0.000111593858917043,1.93057102603342E-05,1,1
Triangle,Geometry,2541,1832,4373,709,0.000277903398766223,6.49729140617948E-05,1,1
Inverse_trigonometric_functions,Pythagorean_theorem,665,0,665,665,0.000434955794755807,0,1,0
Circle,Polygon,49,447,496,398,6.498896116074E-06,3.09952491286487E-05,1,1
Cartesian_coordinate_system,Perpendicular,3957,212,4169,3745,0.0025574042572993,0.000217442364952393,1,1
Edge_(geometry),Face_(geometry),1455,431,1886,1024,0.00245215764592866,0.00467092215490989,1,1
Pentagon,Polygon,4969,5676,10645,707,0.00199978830979051,0.000393577257391968,1,1
Geometry,Tessellation,361,0,361,361,1.26524444312351E-05,0,1,0
Coordinate_system,Plane_(geometry),259,0,259,259,0.000140761405070563,0,1,0
Slope,Line_(geometry),2211,2277,4488,66,0.004794628974652,0.000493922497334619,1,1
Polyhedron,Prism_(geometry),1234,4091,5325,2857,0.000317010544325601,0.0103828007421,1,1
Geometry,Point_(geometry),3444,0,3444,3444,0.000120706422773335,0,1,0
Cone,Geometry,212,92,304,120,0.000700435128804073,3.26283192886743E-06,1,1
Square,Pythagorean_theorem,695,0,695,695,0.00019730859717562,0,1,0
Triangle,Tessellation,148,0,148,148,1.61864238557265E-05,0,1,0
Similarity_(geometry),Self-similarity,31,651,682,620,7.40144734108973E-05,0.00505305317736915,1,1
Parallelogram,Parallel_(geometry),1862,0,1862,1862,0.000589724789819488,0,1,0
Pentagon,Rotational_symmetry,118,0,118,118,4.74894386305656E-05,0,1,0
Right_triangle,Triangle,5981,5448,11429,533,0.00375670896968441,0.000794447152713362,1,1
Trigonometric_functions,Inverse_trigonometric_functions,12888,39919,52807,27031,0.00246267155150027,0.0356042301596433,1,1
Geometry,Two-dimensional_space,1568,0,1568,1568,5.49557697179409E-05,0,1,0
Line_(geometry),Distance,80,0,80,80,1.65989498674366E-05,0,1,0
Quadrilateral,Square,3714,10022,13736,6308,0.0010591175218361,0.00455234860215826,1,1
Edge_(geometry),Vertex_(geometry),3264,5378,8642,2114,0.00550092271911419,0.00341361268508122,1,1
Angle,Sine,62,1150,1212,1088,8.56256020550145E-06,0.000289037607814169,1,1
Line_segment,Altitude_(triangle),17,143,160,126,9.53185686739449E-06,0.000391286621554694,0,1
Rectangle,Line_(geometry),11,0,11,11,4.58833079028575E-06,0,0,0
Triangle,Trigonometric_functions,1184,1130,2314,54,0.000129491390845812,0.000269904050304383,1,1
Geometry,Quadrilateral,198,0,198,198,6.93956785979101E-06,0,1,0
Triangle,Acute_and_obtuse_triangles,5410,1497,6907,3913,0.000591679412564055,0.00578396485574861,1,1
Diameter,Perpendicular,456,0,456,456,0.000493938422343348,0,1,0
Isosceles_triangle,Equilateral_triangle,13908,4401,18309,9507,0.0130731978764043,0.00484102496411306,1,1
Square,Right_angle,1980,48,2028,1932,0.000562116579003924,0.00015527799613746,1,1
Triangle,Hexagon,846,657,1503,189,9.25250985266526E-05,0.000311882732092733,1,1
Triangle,Plane_(geometry),1109,0,1109,1109,0.000121288811189194,0,1,0
Plane_(geometry),Cartesian_coordinate_system,1206,2918,4124,1712,0.00178610834242926,0.000771504770083382,1,1
Diameter,Sphere,1509,984,2493,525,0.00163454622657042,0.000236364199759456,1,1
Square,Angle,1131,0,1131,1131,0.000321087803461332,0,1,0
Geometry,Triangle,1832,2541,4373,709,6.42085268643289E-05,0.000370537851513336,1,1
Quadrilateral,Hexagon,3290,334,3624,2956,0.00093820588229423,0.000158552256497676,1,1
Line_(geometry),Geometry,89,3184,3273,3095,1.84663317275233E-05,0.000112922357190368,1,1
Translation_(geometry),Coordinate_system,411,0,411,411,0.00152057774554926,0,1,0
Angle,Line_(geometry),4229,493,4722,3736,0.000584049469501058,0.000106940619756683,1,1
Arc_(geometry),Plane_(geometry),48,0,48,48,0.000148970705531469,0,1,0
Angle,Rotation_(mathematics),1100,32,1132,1068,0.000151916390742768,7.49518083294882E-05,1,1
Triangle_inequality,Pythagorean_theorem,1028,165,1193,863,0.00114406671199901,3.08201810545545E-05,1,1
Angle,Polygon,478,618,1096,140,6.60145770682208E-05,4.28524920839035E-05,1,1
Quadrilateral,Parallelogram,6613,19675,26288,13062,0.00188582234030752,0.0086052422217139,1,1
Polygon,Polyhedron,1944,6942,8886,4998,0.000139982673543772,0.00280244913546745,1,1
Polygon,Convex_polygon,2871,94,2965,2777,0.000206733670650292,0.000226779799227501,1,1
Square,Rectangle,15341,10083,25424,5258,0.00435526789823192,0.00592639700570893,1,1
Vertex_(geometry),Edge_(geometry),5378,3264,8642,2114,0.00364118671000703,0.00575096422033382,1,1
Angle,Polyhedron,30,0,30,30,4.14317429298457E-06,0,0,0
Line_(geometry),Line_segment,4583,5383,9966,800,0.000950912340530776,0.00374261020467899,1,1
Skew_lines,Parallel_(geometry),418,2500,2918,2082,0.00961560580616963,0.00734419294663709,1,1
Line_segment,Line_(geometry),5383,4583,9966,800,0.00301823444218733,0.000994135619360807,1,1
Parallelogram,Rhombus,12571,17476,30047,4905,0.00398143412074156,0.0065507748776509,1,1
Trapezoid,Parallelogram,7368,9991,17359,2623,0.01322240486975,0.00436975730811403,1,1
Trigonometric_functions,Angle,5280,1264,6544,4016,0.00100891571942283,0.00018274851159,1,1
Secant_line,Tangent,1802,2975,4777,1173,0.0233946978942175,0.00111114182053958,1,1
Right_angle,Perpendicular,2130,2352,4482,222,0.00505300914997948,0.00241237944513221,1,1
Geometry,Congruence_(geometry),994,1055,2049,61,3.48380325890518E-05,0.00210188252967041,1,1
Pythagorean_theorem,Right_triangle,14285,3584,17869,10701,0.00202421290213607,0.00243873063526075,1,1
Rhombus,Rectangle,2058,3971,6029,1913,0.000665025108090816,0.00233400005054747,1,1
Angle,Convex_polygon,11,0,11,11,1.51916390742768E-06,0,0,0
Parallel_(geometry),Geometry,898,43,941,855,0.00166612860731686,1.52501927110108E-06,1,0
Rectangle,Symmetry,11,0,11,11,4.58833079028575E-06,0,0,0
Pentagon,Convex_polygon,497,0,497,497,0.000200019076266026,0,1,0
Geometry,Circle,1094,186,1280,908,3.83428648414715E-05,2.14233217274983E-05,1,1
Similarity_(geometry),Translation_(geometry),559,0,559,559,0.00133464808505457,0,1,0
Altitude_(triangle),Congruence_(geometry),33,0,33,33,9.02969126664678E-05,0,1,0
Isosceles_triangle,Triangle,13687,8296,21983,5391,0.0128654629949918,0.00120975285956499,1,1
Square,Polygon,40,134,174,94,1.13558904849278E-05,9.29164067838685E-06,0,1
Convex_polygon,Polygon,94,2871,2965,2777,0.000317491412532805,0.000199076868564542,1,1
Right_angle,Line_(geometry),732,20,752,712,0.00173652708816196,4.33836185625489E-06,1,0
Grade_(slope),Sine,11,0,11,11,3.44217921236681E-05,0,0,0
Angle,Vertex_(geometry),2597,1418,4015,1179,0.000358660787962698,0.000900056301124055,1,1
Bisection,Midpoint,596,1021,1617,425,0.00242835141015507,0.0102401059113795,1,1
Rotation_(mathematics),Geometry,402,0,402,402,0.000588489324481595,0,1,0
Coordinate_system,Cartesian_coordinate_system,16402,14177,30579,2225,0.00891416434736437,0.00374832869275946,1,1
Equilateral_triangle,Vertex_(geometry),534,0,534,534,0.000522125304206433,0,1,0
Pythagorean_theorem,Vertex_(geometry),58,0,58,58,8.21871531843838E-06,0,0,0
Rhombus,Diagonal,490,242,732,248,0.000158339311450194,0.00168475574522595,1,1
Hexagon,Vertex_(geometry),771,0,771,771,0.000914997774810859,0,1,0
Polygon,Parallelogram,232,416,648,184,1.670575116366E-05,0.00018194565510714,1,1
Secant_line,Geometry,239,0,239,239,0.00310284838885571,0,1,0
Parallelogram,Congruence_(geometry),2941,170,3111,2771,0.000931461120762145,0.000338691971605659,1,1
Rhombus,Quadrilateral,13892,5395,19287,8497,0.00448908105033898,0.00239320091398539,1,1
Scaling_(geometry),Scale_factor,1161,3234,4395,2073,0.037258111100414,0.0503236648823603,1,1
Isosceles_triangle,Edge_(geometry),113,0,113,113,0.000106217382803688,0,1,0
Plane_(geometry),Two-dimensional_space,7760,2488,10248,5272,0.0114927037622314,0.00352935335380774,1,1
Perpendicular,Congruence_(geometry),2273,0,2273,2273,0.00209821646984541,0,1,0
Polyhedron,Edge_(geometry),761,904,1665,143,0.000195498398891234,0.00159279156102383,1,1
Angle,Sphere,533,0,533,533,7.36103966053592E-05,0,1,0
Square,Geometry,2157,181,2338,1976,0.000612366394399729,6.41926716440222E-06,1,1
Prism_(geometry),Rectangle,176,0,176,176,0.000329133761082551,0,1,0
Line_(geometry),Parallel_(geometry),569,1745,2314,1176,0.000118060030932143,0.00512624667675269,1,1
Pyramid_(geometry),Isosceles_triangle,10,0,10,10,1.10817322077249E-05,0,0,0
Altitude_(triangle),Acute_and_obtuse_triangles,67,1000,1067,933,0.000183330095413738,0.00386370397845599,1,1
Parallelogram,Polygon,416,232,648,184,0.000131753766146567,1.60870196819832E-05,1,1
Pentagon,Quadrilateral,415,4787,5202,4372,0.000167017940946481,0.00212349449031474,1,1
Arc_(geometry),Arc_length,3175,2567,5742,608,0.00985379145963359,0.00376381372421084,1,1
Arc_(geometry),Circle,1418,4632,6050,3214,0.0044008429259088,0.000533509818504152,1,1
Right_triangle,Angle,1843,11,1854,1832,0.00115760150996963,1.59037470529272E-06,1,0
Transversal_(geometry),Point_(geometry),33,0,33,33,0.000492001252366824,0,1,0
Pyramid_(geometry),Rhombus,50,0,50,50,5.54086610386243E-05,0,0,0
Rectangle,Parallel_(geometry),14,0,14,14,5.83969373309096E-06,0,0,0
Plane_(geometry),Line_(geometry),2005,1416,3421,589,0.00296944214475179,0.000307156019422846,1,1
Rotational_symmetry,Symmetry,966,4327,5293,3361,0.00238393141384901,0.00318909560727323,1,1
Pythagorean_theorem,Right_angle,2929,2081,5010,848,0.000415045123581138,0.00673194812420946,1,1
Octagon,Geometry,1880,0,1880,1880,0.00437829390928082,0,1,0
Square,Bisection,473,0,473,473,0.000134283404984271,0,1,0
Coordinate_system,Two-dimensional_space,836,898,1734,62,0.000454349554590697,0.00127385824426019,1,1
Rectangle,Circle,631,357,988,274,0.000263203338970028,4.11189562189081E-05,1,1
Square,Vertex_(geometry),2674,0,2674,2674,0.00075914127891742,0,1,0
Triangle,Bisection,1416,14,1430,1402,0.000154864703916951,6.90505548705302E-05,1,0
Triangle,Cartesian_coordinate_system,199,0,199,199,2.17641780222268E-05,0,1,0
Altitude_(triangle),Trigonometric_functions,184,0,184,184,0.000503473694867578,0,1,0
Parallelogram,Diagonal,857,29,886,828,0.000271425426893287,0.000201892217403109,1,1
Dodecagon,Edge_(geometry),10,0,10,10,5.04650353002922E-05,0,0,0
Angle,Right_triangle,11,1843,1854,1832,1.51916390742768E-06,0.00125406823682633,0,1
Pentagon,Hexagon,8575,3847,12422,4728,0.00345103335811101,0.00182619919385197,1,1
Parallel_(geometry),Congruence_(geometry),77,0,77,77,0.000142864034257682,0,1,0
Sine,Angle,1150,62,1212,1088,0.000578075070336656,8.96393015710444E-06,1,1
Tangent,Geometry,970,0,970,970,0.000500302760536531,0,1,0
Geometry,Pyramid_(geometry),109,678,787,569,3.82026715513747E-06,0.000751341443683745,1,1
Cartesian_coordinate_system,Coordinate_system,14177,16402,30579,2225,0.00916257774974277,0.00576798980174953,1,1
Congruence_(geometry),Angle,1032,646,1678,386,0.00160909073899675,9.33983690562818E-05,1,1
Parallelogram,Edge_(geometry),253,0,253,253,8.01290933535609E-05,0,1,0
Polygon,Triangle,5869,9845,15714,3976,0.000422612299911726,0.00143563366711877,1,1
Heptagon,Vertex_(geometry),180,0,180,180,0.000473732830474707,0,1,0
Reflection_(mathematics),Two-dimensional_space,10,0,10,10,3.57232165184153E-05,0,0,0
Cross_section_(geometry),Geometry,271,0,271,271,0.00724153595382519,0,1,0
Polygon,Quadrilateral,7319,11258,18577,3939,0.000527023244684601,0.00499400479882252,1,1
Equilateral_triangle,Geometry,797,0,797,797,0.000779276905341811,0,1,0
Polygon,Rectangle,52,895,947,843,3.74439250219965E-06,0.000526046347328125,0,1
Perpendicular,Trapezoid,42,10,52,32,3.87703879161932E-05,6.28100855410555E-06,1,0
Symmetry,Translation_(geometry),803,0,803,803,0.000443871777991146,0,1,0
Vertex_(geometry),Polygon,3871,2370,6241,1501,0.00262086905065772,0.000164337226923708,1,1
Diameter,Line_segment,2163,0,2163,2163,0.00234295791124706,0,1,0
Line_(geometry),Secant_line,543,0,543,543,0.000112665372225226,0,1,0
Circumference,Polygon,37,0,37,37,6.94161724672947E-05,0,0,0
Polygon,Hendecagon,2852,1275,4127,1577,0.000205365527236027,0.0197634585277386,1,1
Bisection,Congruence_(geometry),757,0,757,757,0.00308433224410636,0,1,0
Geometry,Square,181,2157,2338,1976,6.34374637687966E-06,0.000979786064144418,1,1
Decagon,Edge_(geometry),10,0,10,10,7.20331352422114E-05,0,0,0
Line_(geometry),Angle,493,4229,4722,3736,0.000102291028558078,0.000611426784425721,1,1
Self-similarity,Similarity_(geometry),651,31,682,620,0.00505305317736915,0.000162831374979646,1,1
Rhombus,Square,2977,6894,9871,3917,0.000961992102422915,0.00313149982670914,1,1
Reflection_symmetry,Reflection_(mathematics),1852,551,2403,1301,0.0123170236963042,0.00255885125690216,1,1
Trigonometric_functions,Chord_(geometry),1731,219,1950,1512,0.00033076384665169,0.000360522312874104,1,1
Acute_and_obtuse_triangles,Right_triangle,4628,1588,6216,3040,0.0226495245459573,0.00108055364084656,1,1
Inverse_trigonometric_functions,Tangent,147,242,389,95,9.61481230512836E-05,9.03853178388497E-05,1,1
Geometry,Symmetry,1117,520,1637,597,3.91489762595281E-05,0.000383251609841017,1,1
Parallel_(geometry),Tangent,753,0,753,753,0.00139709893241603,0,1,0
Line_segment,Arc_(geometry),1342,150,1492,1192,0.000752455995061377,0.000775887485969368,1,1
Polygon,Rhombus,244,189,433,55,1.75698417410907E-05,7.08455282602437E-05,1,1
Triangle,Altitude_(triangle),2808,537,3345,2271,0.000307104582343783,0.0014693770333907,1,1
Cartesian_coordinate_system,Two-dimensional_space,4787,2070,6857,2717,0.00309383224151927,0.00293639929356191,1,1
Right_triangle,Isosceles_triangle,783,1184,1967,401,0.000491807912265991,0.000657642230406955,1,1
Angle_bisector_theorem,Geometry,153,0,153,153,0.00120552176242554,0,1,0
Geometry,Similarity_(geometry),552,740,1292,188,1.93466740333568E-05,0.00388694249951413,1,1
Angle,Perpendicular,841,3014,3855,2173,0.000116146986013334,0.00309137399984205,1,1
Square,Trapezoid,1001,349,1350,652,0.000284181159385317,0.000219207198538284,1,1
Rhombus,Kite_(geometry),8686,2194,10880,6492,0.00280680665154365,0.00401041904674862,1,1
Rotational_symmetry,Line_(geometry),11,0,11,11,2.71462169278873E-05,0,0,0
Inverse_trigonometric_functions,Geometry,430,0,430,430,0.000281249611646612,0,1,0
Similarity_(geometry),Polygon,10,0,10,10,2.38756365841604E-05,0,0,0
Rhombus,Triangle,564,307,871,257,0.000182251778893693,4.47678553382897E-05,1,1
Isosceles_triangle,Geometry,937,0,937,937,0.000880758298115534,0,1,0
Parallelogram,Rectangle,5213,5832,11045,619,0.00165103938202416,0.00342782379622081,1,1
Face_(geometry),Plane_(geometry),723,1406,2129,683,0.0062683694436497,0.00109595447813547,1,1
Angle,Transversal_(geometry),1735,2048,3783,313,0.000239613579944274,0.0348958067099456,1,1
Bisection,Line_segment,116,457,573,341,0.000472632153654343,0.00031773599545575,1,1
Geometry,Pentagon,12,1261,1273,1249,4.20579870290364E-07,0.00133216843426367,0,1
Right_angle,Rectangle,382,2136,2518,1754,0.000906220420324958,0.00125545809820433,1,1
Symmetry,Rotation_(mathematics),1342,27,1369,1315,0.000741813108423559,6.32405882780056E-05,1,0
Midpoint,Geometry,103,0,103,103,0.000675449698670741,0,1,0
Geometry,Circumference,12,1500,1512,1488,4.20579870290364E-07,0.00442226107260468,0,1
Acute_and_obtuse_triangles,Equilateral_triangle,396,151,547,245,0.00193803191879842,0.000166097425489905,1,1
Parallelogram,Rotational_symmetry,748,10,758,738,0.000236903406436615,2.99665872552104E-05,1,0
Angle,Isosceles_triangle,10,1138,1148,1128,1.38105809766152E-06,0.000632091941049928,0,1
Polygon,Line_segment,2949,1173,4122,1776,0.000212350259403592,0.000815545563828434,1,1
Angle,Two-dimensional_space,6896,0,6896,6896,0.000952377664147387,0,1,0
Point_(geometry),Two-dimensional_space,36,1999,2035,1963,1.20116553095354E-05,0.00283568221634312,0,1
Quadrilateral,Parallel_(geometry),46,0,46,46,1.31177722144482E-05,0,0,0
Line_segment,Bisection,457,116,573,341,0.000256238740494075,0.00057213316892725,1,1
Rectangle,Right_triangle,124,0,124,124,5.17230016359485E-05,0,1,0
Pythagorean_theorem,Pythagorean_triple,4918,4875,9793,43,0.000696890378208275,0.00516495543305635,1,1
Pythagorean_triple,Pythagorean_theorem,4875,4918,9793,43,0.00645619258127188,0.000918628184401813,1,1
Circle,Geometry,186,1094,1280,908,2.4669279134485E-05,3.8799327501967E-05,1,1
Pythagorean_triple,Right_triangle,1156,10716,11872,9560,0.00153094535875903,0.00729169572752629,1,1
Two-dimensional_space,Plane_(geometry),2488,7760,10248,5272,0.00434381809039611,0.00604879569724842,1,1
Coordinate_system,Geometry,3353,882,4235,2471,0.00182228954131891,3.12806278397942E-05,1,1
Circle,Bisection,1287,0,1287,1287,0.000170695495946678,0,1,0
Polygon,Octagon,3949,5603,9552,1654,0.000284357807522816,0.0106762243931625,1,1
Bisection,Triangle,14,1416,1430,1402,5.70418116479379E-05,0.000206486264361623,0,1
Parallelogram,Angle,3037,150,3187,2887,0.000961865836026737,2.16869277994462E-05,1,1
Dodecagon,Polyhedron,40,0,40,40,0.000201860141201169,0,1,0
Line_(geometry),Convex_polygon,43,0,43,43,8.92193555374719E-06,0,1,0
Parallel_(geometry),Perpendicular,865,699,1564,166,0.00160490116406357,0.000716944401423222,1,1
Scale_factor,Scaling_(geometry),3234,1161,4395,2073,0.0754849100203067,0.0186293544712055,1,1
Rhombus,Perpendicular,575,0,575,575,0.000185806334865024,0,1,0
Pentagon,Edge_(geometry),272,0,272,272,0.000109467180572151,0,1,0
Perpendicular,Angle,3014,841,3855,2173,0.00278223688522396,0.000121591375195562,1,1
Diameter,Radius,4501,3664,8165,837,0.00487547552405134,0.00258469934176229,1,1
Rhombus,Edge_(geometry),68,0,68,68,2.19736187318637E-05,0,1,0
Tangent,Sine,892,1618,2510,726,0.000460072229276892,0.000406663347342023,1,1
Parallel_(geometry),Skew_lines,2500,418,2918,2082,0.00463844267070397,0.00534205784247319,1,1
Line_(geometry),Plane_(geometry),1416,2005,3421,589,0.000293801412653628,0.00156286538311638,1,1
Chord_(geometry),Pythagorean_theorem,317,0,317,317,0.00067840717699151,0,1,0
Rhombus,Parallelogram,17476,12571,30047,4905,0.00564722001408897,0.00549817026526889,1,1
Acute_and_obtuse_triangles,Triangle,1497,5410,6907,3913,0.00732634793545766,0.00078890585465846,1,1
Trigonometric_functions,Line_(geometry),10,0,10,10,1.91082522617961E-06,0,0,0
Parallelogram,Convex_polygon,2059,0,2059,2059,0.000652117799268703,0,1,0
Circle,Diameter,1695,2469,4164,774,0.000224808753402968,0.00362956396720603,1,1
Rhombus,Vertex_(geometry),305,0,305,305,9.85581428414474E-05,0,1,0
Right_angle,Geometry,949,0,949,949,0.0022513172222209,0,1,0
Sine,Trigonometric_functions,48573,23537,72110,25036,0.0244163829490977,0.00562188640001261,1,1
Polygon,Right_triangle,12,0,12,12,8.64090577430689E-07,0,0,0
Altitude_(triangle),Geometry,54,79,133,25,0.000147758584363311,2.80177959109268E-06,1,1
Equilateral_triangle,Angle,641,0,641,641,0.000626745917596112,0,1,0
Midpoint,Point_(geometry),22,0,22,22,0.000144270809424819,0,0,0
Chord_(geometry),Sine,368,1354,1722,986,0.000787551549315066,0.0003403103660699,1,1
Right_triangle,Altitude_(triangle),2382,314,2696,2068,0.00149615127333026,0.000859188805371845,1,1
Circle,Two-dimensional_space,12,10,22,2,1.59156639577322E-06,1.41855038336324E-05,0,0
Polyhedron,Geometry,996,0,996,996,0.00025586912653833,0,1,0
Right_triangle,Right_angle,2014,1521,3535,493,0.00126500783563692,0.00492037150260576,1,1
Line_(geometry),Collinearity,668,185,853,483,0.000138601231393096,0.00413454017208627,1,1
Reflection_symmetry,Symmetry,1795,7479,9274,5684,0.011937936033945,0.00551218998077109,1,1
Line_(geometry),Skew_lines,470,0,470,470,9.75188304711902E-05,0,1,0
Pyramid_(geometry),Sphere,22,0,22,22,2.43798108569947E-05,0,0,0
Geometry,Kite_(geometry),45,0,45,45,1.57717451358887E-06,0,0,0
Nonagon,Vertex_(geometry),11,0,11,11,6.87942863218197E-05,0,0,0
Tessellation,Hexagon,73,1322,1395,1249,6.15675780073864E-05,0.000627563123023734,1,1
Rhombus,Cone,53,0,53,53,1.71264969527761E-05,0,0,0
Acute_and_obtuse_triangles,Altitude_(triangle),1000,67,1067,933,0.00489401999696571,0.000183330095413738,1,1
Triangle,Convex_polygon,863,108,971,755,9.43843499154861E-05,0.000260555514006065,1,1
Sphere,Circle,4696,3069,7765,1627,0.0109041176047164,0.000353484808503723,1,1
Rhombus,Circle,13,0,13,13,4.20083887520923E-06,0,0,0
Hexagon,Geometry,2745,0,2745,2745,0.00325767690253672,0,1,0
Cross_section_(geometry),Plane_(geometry),456,0,456,456,0.0121850199075435,0,1,0
Quadrilateral,Tessellation,1306,0,1306,1306,0.000372430663305855,0,1,0
Vertex_(geometry),Geometry,1012,263,1275,749,0.000685176822336764,9.32744344882754E-06,1,1
Rotation_(mathematics),Angle,32,1100,1132,1068,4.68449213517688E-05,0.000159037470529272,1,1
Cartesian_coordinate_system,Point_(geometry),1238,0,1238,1238,0.000800117884896773,0,1,0
Angle,Tangent,363,477,840,114,5.01324089451133E-05,0.000178156184335253,1,1
Point_(geometry),Line_(geometry),755,354,1109,401,0.000251911104408311,7.67890048557115E-05,1,1
Pentagon,Decagon,1626,1267,2893,359,0.000654388366214404,0.00561638370495146,1,1
Geometry,Trapezoid,521,0,521,521,1.82601760351066E-05,0,1,0
Rotation_(mathematics),Symmetry,27,1342,1369,1315,3.95254023905549E-05,0.000989083962320471,0,1
Rectangle,Quadrilateral,11073,5028,16101,6045,0.00461878062189401,0.00223040114838156,1,1
Angle,Quadrilateral,10,783,793,773,1.38105809766152E-06,0.000347335739694265,0,1
Perpendicular,Tangent,215,530,745,315,0.000198467461951941,0.000197951315928059,1,1
Line_(geometry),Sphere,185,0,185,185,3.83850715684472E-05,0,1,0
Triangle,Edge_(geometry),5972,254,6226,5718,0.000653144076124314,0.000447532142146075,1,1
Triangle,Similarity_(geometry),425,221,646,204,4.64812847208361E-05,0.0011608301248549,1,1
Tangent,Point_(geometry),286,0,286,286,0.000147511947952008,0,1,0
Pyramid_(geometry),Triangle,1094,0,1094,1094,0.0012123415035251,0,1,0
Pyramid_(geometry),Geometry,678,109,787,569,0.000751341443683745,3.86574652441902E-06,1,1
Bisection,Perpendicular,452,870,1322,418,0.00184163563320485,0.000892334233531049,1,1
Tangent,Trigonometric_functions,34545,3986,38531,30559,0.0178174833636438,0.00095206862346307,1,1
Circle,Chord_(geometry),3785,6094,9879,2309,0.000502006567333471,0.0100320683774191,1,1
Kite_(geometry),Vertex_(geometry),41,0,41,41,0.000164876483385678,0,1,0
Tessellation,Plane_(geometry),1141,0,1141,1141,0.000962309678170245,0,1,0
Line_segment,Polygon,1173,2949,4122,1776,0.00065769812385022,0.000204485435526588,1,1
Line_(geometry),Right_angle,20,732,752,712,4.14973746685916E-06,0.00236798944109626,0,1
Equilateral_triangle,Polygon,31,233,264,202,3.0310645000748E-05,1.61563602840607E-05,0,1
Square,Parallel_(geometry),90,0,90,90,2.55507535910874E-05,0,1,0
Right_angle,Right_triangle,1521,2014,3535,493,0.00360827554794309,0.00137042508354217,1,1
Congruence_(geometry),Distance,209,0,209,209,0.000325872058575892,0,1,0
Congruence_(geometry),Reflection_(mathematics),847,0,847,847,0.00132063939528125,0,1,0
Triangle,Pythagorean_triple,958,186,1144,772,0.000104774284147202,0.000197062914984304,1,1
Trigonometric_functions,Circle,49,833,882,784,9.36304360828006E-06,9.59442311774523E-05,0,1
Rhombus,Congruence_(geometry),561,0,561,561,0.000181282354537875,0,1,0
Square,Acute_and_obtuse_triangles,171,0,171,171,4.85464318230661E-05,0,1,0
Diagonal,Rhombus,242,490,732,248,0.00216611022099695,0.000183673591785817,1,1
Pythagorean_theorem,Geometry,977,2023,3000,1046,0.000138442842519212,7.17468368706392E-05,1,1
Trapezoid,Triangle,532,267,799,265,0.000954712186578039,3.89349100173399E-05,1,1
Line_segment,Diagonal,955,569,1524,386,0.000535466076962455,0.003961264541461,1,1
Pyramid_(geometry),Polygon,1538,0,1538,1538,0.00170437041354808,0,1,0
Right_triangle,Bisection,24,0,24,24,1.50745720234786E-05,0,0,0
Perpendicular,Geometry,2328,35,2363,2293,0.00214898721592614,1.24129475554739E-06,1,0
Reflection_(mathematics),Reflection_symmetry,551,1852,2403,1301,0.00196834923016468,0.0143698450508609,1,1
Angle_bisector_theorem,Bisection,2099,1272,3371,827,0.0165384979041256,0.00627373612823674,1,1
Parallelogram,Square,2477,4894,7371,2417,0.000784504996983282,0.00222302874266239,1,1
Geometry,Distance,376,0,376,376,1.31781692690981E-05,0,1,0
Line_segment,Midpoint,781,674,1455,107,0.000437904718437359,0.00675987402964716,1,1
Triangle,Rhombus,307,564,871,257,3.35758927277569E-05,0.000211412052586124,1,1
Star_polygon,Polygon,210,4321,4531,4111,0.000428259411000557,0.000299620741576937,1,1
Decagon,Vertex_(geometry),42,0,42,42,0.000302539168017288,0,1,0
Two-dimensional_space,Equilateral_triangle,44,0,44,44,7.68199340745293E-05,0,0,0
Inverse_trigonometric_functions,Sine,3715,1881,5596,1834,0.00242986583085387,0.000472764991563872,1,1
Square,Convex_polygon,921,191,1112,730,0.000261469378415462,0.000460797251621837,1,1
Transversal_(geometry),Geometry,228,0,228,228,0.00339928137998897,0,1,0
Kite_(geometry),Rectangle,717,1692,2409,975,0.00288332777042759,0.000994492089027026,1,1
Vertex_(geometry),Convex_polygon,80,110,190,30,5.41641756787956E-05,0.000265380616117289,1,1
Line_segment,Circle,513,64,577,449,0.000287637798410198,7.37146554064459E-06,1,1
Collinearity,Line_(geometry),185,668,853,483,0.0019294750784827,0.000144901285998913,1,1
Nonagon,Polygon,2036,3841,5877,1805,0.0127331969955659,0.00026633725257973,1,1
Bisection,Geometry,34,0,34,34,0.000138530114002135,0,1,0
Polyhedron,Sphere,10,0,10,10,2.56896713391897E-06,0,0,0
Angle,Parallelogram,150,3037,3187,2887,2.07158714649228E-05,0.00132829075615477,1,1
Rhombus,Angle,668,0,668,668,0.000215858489895367,0,1,0
Slope,Trigonometric_functions,3761,162,3923,3599,0.00815585688542116,3.86942089816902E-05,1,1
Trigonometric_functions,Secant_line,1151,4207,5358,3056,0.000219935983533273,0.0455150328353042,1,1
Vertex_(geometry),Polyhedron,3822,1574,5396,2248,0.00258769349305446,0.000635415577531802,1,1
Square,Rhombus,6894,2977,9871,3917,0.0019571877250773,0.00111591078111506,1,1
Parallelogram,Quadrilateral,19675,6613,26288,13062,0.00623138305032139,0.0029335009535098,1,1
Triangle,Parallelogram,921,878,1799,43,0.000100727678183271,0.000384010300923243,1,1
Diameter,Circumference,6464,2421,8885,4043,0.00700179377637588,0.00713752937118396,1,1
Sine,Inverse_trigonometric_functions,1881,3715,5596,1834,0.000945529745481087,0.00331345261762757,1,1
Polygon,Acute_and_obtuse_triangles,47,0,47,47,3.38435476160353E-06,0,0,0
Parallelogram,Vertex_(geometry),488,0,488,488,0.000154557302595011,0,1,0
Polygon,Edge_(geometry),1732,665,2397,1067,0.000124717073342496,0.00117168848239031,1,1
Bisection,Angle,187,1121,1308,934,0.000761915627011742,0.000162073640421195,1,1
Similarity_(geometry),Geometry,740,552,1292,188,0.00176679710722787,1.95769915732046E-05,1,1
Midpoint,Distance,552,15,567,537,0.00361988576374999,6.09829723344648E-06,1,0
Line_(geometry),Perpendicular,530,1569,2099,1039,0.000109968042871768,0.00160927863495427,1,1
Perpendicular,Diagonal,10,0,10,10,9.23104474195076E-06,0,0,0
Parallelogram,Triangle,878,921,1799,43,0.000278076458357417,0.000134303566014869,1,1
Rotation_(mathematics),Translation_(geometry),1089,1523,2612,434,0.00159419122975238,0.00493031838267429,1,1
Octagon,Vertex_(geometry),250,0,250,250,0.00058221993474479,0,1,0
Line_segment,Chord_(geometry),939,1354,2293,415,0.000526494917557849,0.00222898270151386,1,1
Triangle,Vertex_(geometry),9494,10,9504,9484,0.0010383372167991,6.34736460595243E-06,1,0
Equilateral_triangle,Hexagon,317,1380,1697,1063,0.000309950789201197,0.000655096149601175,1,1
Triangle,Quadrilateral,1710,3304,5014,1594,0.000187018816170894,0.00146564148652599,1,1
Two-dimensional_space,Cartesian_coordinate_system,2070,4787,6857,2717,0.00361402871668808,0.00126565912761794,1,1
Altitude_(triangle),Line_segment,143,17,160,126,0.000391286621554694,1.18195009250498E-05,1,0
Rectangle,Convex_polygon,583,97,680,486,0.000243181531885145,0.000234017452394336,1,1
Equilateral_triangle,Edge_(geometry),201,0,201,201,0.000196530311133882,0,1,0
Nonagon,Edge_(geometry),13,0,13,13,8.13023383803323E-05,0,0,0
Convex_polygon,Line_segment,12,0,12,12,4.05308186212091E-05,0,0,0
Grade_(slope),Slope,6100,6152,12252,52,0.0190884483594887,0.0148231319890031,1,1
Quadrilateral,Kite_(geometry),4427,2701,7128,1726,0.00126244299116005,0.00493716583649408,1,1
Altitude_(triangle),Perpendicular,475,69,544,406,0.00129972828838098,7.07713357628073E-05,1,1
Circumference,Pythagorean_theorem,32,0,32,32,6.0035608620363E-05,0,0,0
Octagon,Rotational_symmetry,12,0,12,12,2.79465568677499E-05,0,0,0
Chord_(geometry),Line_segment,1354,939,2293,415,0.0028976760809038,0.000652853609918925,1,1
Altitude_(triangle),Angle,33,0,33,33,9.02969126664678E-05,0,1,0
Chord_(geometry),Circle,6094,3785,9879,2309,0.0130416824497989,0.000435953079239684,1,1
Symmetry,Reflection_(mathematics),2238,0,2238,2238,0.00123709220316835,0,1,0
Diameter,Circle,2469,1695,4164,774,0.00267441658939852,0.000195228657678009,1,1
Right_triangle,Pythagorean_theorem,3584,14285,17869,10701,0.00225113608883948,0.00266828052342007,1,1
Cone,Circle,709,10,719,699,0.00234249295434947,1.15179149072572E-06,1,0
Rectangle,Reflection_symmetry,442,0,442,442,0.0001843674735733,0,1,0
Octagon,Polygon,5603,3949,9552,1654,0.0130487131775002,0.000273826037604102,1,1
Perpendicular,Plane_(geometry),313,396,709,83,0.000288931700423059,0.000308675656715255,1,1
Reflection_(mathematics),Rotation_(mathematics),10,1011,1021,1001,3.57232165184153E-05,0.00236800869440977,0,1
Perpendicular,Right_triangle,57,10,67,47,5.26169550291193E-05,6.80449395999094E-06,1,0
Right_angle,Pythagorean_theorem,2081,2929,5010,848,0.0049367662164823,0.000547104910962365,1,1
Circle,Rotational_symmetry,321,0,321,321,4.25744010869337E-05,0,1,0
Quadrilateral,Circle,42,0,42,42,1.19770963697136E-05,0,0,0
Congruence_(geometry),Circle,237,0,237,237,0.000369529559246347,0,1,0
Inverse_trigonometric_functions,Trigonometric_functions,39919,12888,52807,27031,0.02610977499377,0.00307833929232113,1,1
Circle,Arc_(geometry),4632,1418,6050,3214,0.000614344628768464,0.00733472303403042,1,1
Angle_bisector_theorem,Altitude_(triangle),10,0,10,10,7.87922720539569E-05,0,0,0
Circle,Pythagorean_theorem,680,0,680,680,9.01887624271494E-05,0,1,0
Coordinate_system,Point_(geometry),2008,0,2008,2008,0.0010913084995432,0,1,0
Decagon,Geometry,479,0,479,479,0.00345038717810193,0,1,0
Geometry,Diameter,14,1324,1338,1310,4.90676515338758E-07,0.00194635183984641,0,1
Polygon,Equilateral_triangle,233,31,264,202,1.67777587117792E-05,3.40994714581924E-05,1,0
Edge_(geometry),Line_segment,916,499,1415,417,0.00154376385132004,0.000346937115388225,1,1
Cartesian_coordinate_system,Plane_(geometry),2918,1206,4124,1712,0.00188589982886008,0.000940057681814639,1,1
Quadrilateral,Bisection,96,511,607,415,2.7376220273631E-05,0.00252034525277435,1,1
Angle,Grade_(slope),245,0,245,245,3.38359233927073E-05,0,1,0
Right_triangle,Square,21,0,21,21,1.31902505205438E-05,0,0,0
Hexagon,Polygon,11330,5171,16501,6159,0.0134460762498146,0.000358560253342824,1,1
Prism_(geometry),Face_(geometry),56,0,56,56,0.000104724378526266,0,1,0
Line_(geometry),Transversal_(geometry),85,0,85,85,1.76363842341514E-05,0,1,0
Polygon,Dodecagon,3405,3153,6558,252,0.000245185701345958,0.0212154651522696,1,1
Equilateral_triangle,Triangle,5348,6605,11953,1257,0.00522907514400001,0.000963165096121835,1,1
Polygon,Vertex_(geometry),2370,3871,6241,1501,0.000170657889042561,0.00245706483896419,1,1
Angle,Exterior_angle_theorem,340,0,340,340,4.69559753204918E-05,0,1,0
Nonagon,Geometry,260,0,260,260,0.00162604676760665,0,1,0
Dodecagon,Vertex_(geometry),13,0,13,13,6.56045458903798E-05,0,0,0
Pythagorean_theorem,Acute_and_obtuse_triangles,1201,0,1201,1201,0.000170184087886974,0,1,0
Symmetry,Scaling_(geometry),1514,0,1514,1514,0.00083688900607546,0,1,0
Plane_(geometry),Sphere,12,959,971,947,1.77722223127289E-05,0.000230359011757437,0,1
Rotation_(mathematics),Plane_(geometry),21,0,21,21,3.07419796370983E-05,0,0,0
Polyhedron,Face_(geometry),1841,2088,3929,247,0.000472946849354483,0.022628504546292,1,1
Geometry,Line_segment,34,1765,1799,1731,1.1916429658227E-06,0.00122714230192428,0,1
Star_polygon,Decagon,1060,76,1136,984,0.00216169036028852,0.000336894365885013,1,1
Pentagon,Geometry,1261,12,1273,1249,0.000507493068755451,4.25586773330534E-07,1,0
Circumference,Geometry,1500,12,1512,1488,0.00281416915407951,4.25586773330534E-07,1,0
Rigid_transformation,Translation_(geometry),784,0,784,784,0.0087768398898417,0,1,0
Point_(geometry),Plane_(geometry),93,1808,1901,1715,3.1030109549633E-05,0.00140930703874035,1,1
Star_polygon,Tessellation,1603,0,1603,1603,0.00326904683730425,0,1,0
Geometry,Parallel_(geometry),43,898,941,855,1.50707786854047E-06,0.00263803410643204,0,1
Isosceles_triangle,Rhombus,44,31,75,13,4.13589809147103E-05,1.16201660109394E-05,0,0
Trigonometric_functions,Geometry,740,11,751,729,0.000141401066737291,3.90121208886323E-07,1,0
Symmetry,Reflection_symmetry,7479,1795,9274,5684,0.00413414324731728,0.0139275766016713,1,1
Line_(geometry),Triangle,283,0,283,283,5.87187851560571E-05,0,1,0
Diagonal,Polygon,822,0,822,822,0.00735761405644418,0,1,0
Rectangle,Similarity_(geometry),11,112,123,101,4.58833079028575E-06,0.000588293999926463,0,1
Square,Two-dimensional_space,10,47,57,37,2.83897262123194E-06,6.66718680180723E-05,0,0
Circle,Perpendicular,92,11,103,81,1.22020090342614E-05,1.12823868607374E-05,1,0
Symmetry,Self-similarity,735,0,735,735,0.000406283632407836,0,1,0
Triangle,Congruence_(geometry),1394,911,2305,483,0.000152458613884343,0.00181499050666327,1,1
Equilateral_triangle,Pythagorean_theorem,1258,0,1258,1258,0.00123002552938519,0,1,0
Midpoint,Bisection,1021,596,1617,425,0.00669547711012453,0.00293958076448829,1,1
Octagon,Angle,11,0,11,11,2.56176771287707E-05,0,0,0
Geometry,Angle,3174,0,3174,3174,0.000111243375691801,0,1,0
Line_segment,Geometry,1765,34,1799,1731,0.000989631021820663,1.20582919110318E-06,1,0
Tangent,Line_(geometry),939,632,1571,307,0.000484313703241033,0.000137092234657654,1,1
Pythagorean_theorem,Distance,10,332,342,322,1.41701988248938E-06,0.000134975645433615,0,1
Slope,Secant_line,635,89,724,546,0.00137701917634736,0.000962880418907077,1,1
Circle,Angle_bisector_theorem,476,0,476,476,6.31321336990046E-05,0,1,0
Angle,Bisection,1121,187,1308,934,0.000154816612747857,0.000922318125770654,1,1
Vertex_(geometry),Face_(geometry),322,138,460,184,0.000218010807107152,0.00149556208208252,1,1
Angle,Cartesian_coordinate_system,396,0,396,396,5.46899006673963E-05,0,1,0
Prism_(geometry),Geometry,353,0,353,353,0.000660137600353071,0,1,0
Triangle,Right_triangle,5448,5981,11429,533,0.000595835386256742,0.00406976783747058,1,1
Congruence_(geometry),Point_(geometry),357,0,357,357,0.000556633133548295,0,1,0
Trigonometric_functions,Cartesian_coordinate_system,1646,0,1646,1646,0.000314521832229163,0,1,0
Right_angle,Square,48,1980,2028,1932,0.000113870628731932,0.000899386373206281,1,1
Altitude_(triangle),Vertex_(geometry),949,0,949,949,0.00259672030668115,0,1,0
Similarity_(geometry),Altitude_(triangle),63,0,63,63,0.000150416510480211,0,1,0
Right_triangle,Acute_and_obtuse_triangles,1588,4628,6216,3040,0.00099743418222017,0.0178812220122943,1,1
Geometry,Cone,92,212,304,120,3.22444567222612E-06,0.000200124794801286,1,1
Altitude_(triangle),Isosceles_triangle,221,916,1137,695,0.000604715687857254,0.000508784022848624,1,1
Triangle,Inverse_trigonometric_functions,213,0,213,213,2.32953262247955E-05,0,1,0
Rotation_(mathematics),Sphere,21,0,21,21,3.07419796370983E-05,0,0,0
Quadrilateral,Polygon,11258,7319,18577,3939,0.00321043216500561,0.000507503866605323,1,1
Pythagorean_theorem,Sine,611,85,696,526,8.65799148201008E-05,2.13636492732212E-05,1,1
Pythagorean_theorem,Line_(geometry),282,0,282,282,3.99599606862004E-05,0,1,0
Circumference,Radius,1321,1906,3227,585,0.00247834496835936,0.00134455156806739,1,1
Rectangle,Rotational_symmetry,363,0,363,363,0.00015141491607943,0,1,0
Triangle,Polygon,9845,5869,15714,3976,0.00107672528959207,0.000406959993592928,1,1
Diagonal,Convex_polygon,44,0,44,44,0.000393838221999445,0,1,0
Geometry,Sphere,617,2894,3511,2277,2.16248149974296E-05,0.000695160563113685,1,1
Isosceles_triangle,Angle,1138,10,1148,1128,0.00106969364274864,1.44579518662975E-06,1,0
Diameter,Tangent,21,0,21,21,2.27471641868647E-05,0,0,0
Equilateral_triangle,Bisection,147,0,147,147,0.000143731123068063,0,1,0
Edge_(geometry),Triangle,254,5972,6226,5718,0.000428074255715381,0.000870858736417805,1,1
Parallel_(geometry),Transversal_(geometry),735,278,1013,457,0.00136370214518697,0.0047368331373852,1,1
Circumference,Arc_length,3235,637,3872,2598,0.00606922480896482,0.000933988836120882,1,1
Square,Parallelogram,4894,2477,7371,2417,0.00138939320083091,0.00108336391274131,1,1
Geometry,Diagonal,56,163,219,107,1.96270606135503E-06,0.00113477349781748,1,1
Angle,Triangle,866,1288,2154,422,0.000119599631257488,0.000187820839334583,1,1
Equilateral_triangle,Altitude_(triangle),1833,0,1833,1833,0.00179223910601197,0,1,0
Parallelogram,Kite_(geometry),10,1547,1557,1537,3.1671578400617E-06,0.0028277658456336,0,1
Geometry,Pythagorean_triple,427,0,427,427,1.49656337178321E-05,0,1,0
Line_segment,Edge_(geometry),499,916,1415,417,0.000279788033931168,0.00161393481183388,1,1
Vertex_(geometry),Triangle,10,9494,9504,9484,6.77052195984945E-06,0.00138444957192743,0,1
