A,B,weight,backwardweight,SUM,Diff,Normalized_weight,Normalized_backward_weight,Weight_greater_than_mean,Backward_weight_greater_than_mean
Newton's_laws_of_motion,Motion,2906,1866,4772,1040,0.00105489903679659,0.0162433189992862,1,1
Motion_graphs_and_derivatives,Acceleration,344,0,344,344,0.0220838415612762,0,1,0
Snell's_law,Refractive_index,8977,10963,19940,1986,0.00875939900979858,0.00250508134145129,1,1
Acceleration,Displacement_(vector),475,597,1072,122,7.81378387666E-05,0.000819407748001235,1,1
Physics,Collision,418,0,418,418,4.43253081019824E-06,0,1,0
Potential_energy,Gravity,680,396,1076,284,0.000237373062136937,2.64654136808144E-05,1,1
Refractive_index,Electric_field,129,0,129,129,1.76861546611724E-05,0,1,0
Hardness,Elasticity_(physics),2071,0,2071,2071,0.00151298308980223,0,1,0
Refractive_index,Reflection_(physics),158,1338,1496,1180,2.16621119105832E-05,0.000678658670194204,1,1
Shock_wave,Wave,676,2096,2772,1420,0.000461188843869156,0.000231110850400822,1,1
Projectile_motion,Gravity,819,0,819,819,0.00112330732399118,0,1,0
Non-inertial_reference_frame,Frame_of_reference,2503,3383,5886,880,0.0158788563163337,0.0157682537463003,1,1
Magnetic_field,Velocity,10,0,10,10,6.07895899043081E-07,0,0,0
Wave,Reflection_(physics),962,0,962,962,8.65900617651771E-05,0,1,0
Refractive_index,Scattering,539,0,539,539,7.38979640493946E-05,0,1,0
Electric_potential,Joule,1124,0,1124,1124,0.000357320768188787,0,1,0
Temperature,Physics,1225,20,1245,1205,0.000322393364118171,2.00429912140045E-07,1,0
Electromagnetic_radiation,Velocity,10,0,10,10,5.96132258141244E-07,0,0,0
Magnetism,Electric_current,6263,133,6396,6130,0.00133862141871214,1.95949416173871E-05,1,1
Electric_potential,Magnetic_field,174,53,227,121,5.5314780840613E-05,8.25598539469452E-06,1,0
Position_(vector),Acceleration,25,0,25,25,5.22657189149637E-05,0,0,0
Refractive_index,Wave,138,33,171,105,1.89200724282309E-05,3.63867274008928E-06,1,0
Energy,Joule,17990,13317,31307,4673,0.000582500455898078,0.0055772497462031,1,1
Electromotive_force,Voltage,2703,6871,9574,4168,0.00223518476865879,0.00152649573143273,1,1
Diffraction,Scattering,357,162,519,195,0.00017201362424997,0.00024141019317286,1,1
Capacitance,Coulomb,3341,51,3392,3290,0.00210158301221447,1.26818256756243E-05,1,0
Refractive_index,Refraction,5993,9121,15114,3128,0.000821652130886867,0.00559351958774393,1,1
Energy_level,Energy,220,685,905,465,0.000411137336689709,2.59549685463672E-05,1,1
Elastic_collision,Kinetic_energy,1855,318,2173,1537,0.00390003300836562,0.000126363825295256,1,1
Electrostatics,Electric_current,12,305,317,293,6.99185390754322E-06,4.49357683706998E-05,0,1
Electroscope,Electrostatics,384,0,384,384,0.00563934618830129,0,1,0
Intensity_(physics),Light,365,4081,4446,3716,0.000448152445500365,0.000428979189306067,1,1
Mirror_image,Reflection_(physics),1209,265,1474,944,0.00618297304346492,0.000134412965322469,1,1
Work_(physics),Potential_energy,2680,1236,3916,1444,0.000768638185371439,0.000334033921739311,1,1
Voltage,Electromotive_force,6871,2703,9574,4168,0.00129752141495739,0.00292293318453733,1,1
Absorption_spectroscopy,Wavelength,561,0,561,561,0.00189357500886031,0,1,0
Reflection_(physics),Total_internal_reflection,1748,840,2588,908,0.00187174880017475,0.0013974473295447,1,1
Power_(physics),Energy,26479,267,26746,26212,0.0151870840672409,1.01167541633285E-05,1,1
Wave,Tension_(physics),89,0,89,89,8.01093087016711E-06,0,1,0
Intensity_(physics),Velocity,78,0,78,78,9.57695636959685E-05,0,1,0
Deformation_(engineering),Elasticity_(physics),2860,2549,5409,311,0.00679984212953937,0.00363768175921658,1,1
Magnetic_field,Mirror_image,26,0,26,26,1.58052933751201E-06,0,0,0
Electromagnetic_spectrum,Wavelength,14202,6322,20524,7880,0.00102628005348623,0.0010785265232737,1,1
Emission_spectrum,Frequency,1043,0,1043,1043,0.000973879851424965,0,1,0
Specular_reflection,Wave,358,0,358,358,0.000673462746034941,0,1,0
Energy,Power_(physics),267,26479,26746,26212,8.64522633267297E-06,0.00714686526057758,1,1
Total_internal_reflection,Light,285,0,285,285,0.000745066873019691,0,1,0
Magnetic_field,Magnet,18414,27769,46183,9355,0.00111937950849793,0.00730382398018296,1,1
Phase_velocity,Dispersion_(optics),7849,12402,20251,4553,0.0956985052061742,0.00891401020489573,1,1
Diffraction,Wave,1997,1161,3158,836,0.000962216267863278,0.000128015122764959,1,1
Wavelength,Dispersion_(optics),47,730,777,683,2.08471852529673E-05,0.000524691779517327,0,1
Kinetic_energy,Elastic_collision,318,1855,2173,1537,0.000196565907065123,0.0036400313180053,1,1
Strength_of_materials,Hardness,33,3123,3156,3090,4.18968879499472E-05,0.00313710127020959,0,1
Electromagnetic_radiation,Electric_field,7352,139,7491,7213,0.000438276436185443,2.98685718374608E-05,1,1
Gravity_of_Earth,Euclidean_vector,854,0,854,854,0.000412519931620232,0,1,0
Snell's_law,Wave,222,262,484,40,0.000216618756842518,2.88888563001027E-05,1,1
Ray_(optics),Snell's_law,785,0,785,785,0.00398880086991428,0,1,0
Position_(vector),Euclidean_vector,3778,862,4640,2916,0.00789839544242931,0.000213088214318292,1,1
Hooke's_law,Torque,11,0,11,11,6.51642939952288E-06,0,0,0
Pigment,Color,3875,43,3918,3832,0.00664081177283111,2.70561919353672E-05,1,0
Magnetism,Capacitance,62,0,62,62,1.32515612262738E-05,0,1,0
Wavelength,Snell's_law,656,0,656,656,0.000290973479275458,0,1,0
Euclidean_vector,Position_(vector),862,3778,4640,2916,0.000204564687768313,0.0102214466404231,1,1
Distance,Acceleration,187,393,580,206,8.75444393363851E-05,0.000161621910831588,1,1
Electric_potential_energy,Electric_potential,12288,12435,24723,147,0.0122993030595117,0.00527079867329314,1,1
Electrical_conductor,Electrical_resistance_and_conductance,3079,4457,7536,1378,0.0040380380826729,0.00235936825890057,1,1
Elastic_collision,Collision,2833,8261,11094,5428,0.00595622291789747,0.0130878937378999,1,1
Emission_spectrum,Wavelength,1062,3794,4856,2732,0.000991620711613914,0.000647252393119335,1,1
Friction,Force,5313,3558,8871,1755,0.00116480819141002,0.000166662724157968,1,1
Transmission_medium,Wave,1422,1436,2858,14,0.0137529498239777,0.000158337395599036,1,1
Deformation_(engineering),Plasticity_(physics),4403,3572,7975,831,0.0104684282854412,0.0186055233194087,1,1
Force,Tension_(physics),1156,2264,3420,1108,6.72194360463761E-05,0.0114197515296112,1,1
Light,Photoelectric_effect,1350,2647,3997,1297,0.00011722741023463,0.00238833388673144,1,1
Friction,Temperature,10,0,10,10,2.19237378394507E-06,0,0,0
Torque,Gravity,638,0,638,638,0.000253276114633246,0,1,0
Electric_current,Electromagnetic_radiation,320,113,433,207,6.89052845185329E-05,8.20070626224073E-06,1,1
Electromotive_force,Force,651,0,651,651,0.000538329738955558,0,1,0
Friction,Torque,50,695,745,645,1.09618689197254E-05,0.000189684182659045,1,1
Speed,Distance,3485,665,4150,2820,0.00060387425622532,0.00018023858710294,1,1
Electromagnetic_spectrum,Wave,11,686,697,675,7.94893718374069E-07,7.56402878697346E-05,0,1
Physics,Electromagnetic_radiation,384,8589,8973,8205,4.07199002659359E-06,0.000623326248552085,1,1
Coulomb's_law,Coulomb,929,6450,7379,5521,0.000901702752571406,0.00160387795309366,1,1
Electric_field,Coulomb's_law,19088,4237,23325,14851,0.00328133135962948,0.00352500239187677,1,1
Electroscope,Coulomb's_law,1387,0,1387,1387,0.0203692009457654,0,1,0
Energy,Mass,3219,1333,4552,1886,0.000104228402864698,0.000147499398328598,1,1
Ray_(optics),Diffraction,148,0,148,148,0.000752028699041163,0,1,0
Frequency,Metre,64,0,64,64,2.25153834598475E-05,0,0,0
Motion_(physics),Projectile_motion,1985,544,2529,1441,0.000340052962606509,0.000688734008140735,1,1
Electromotive_force,Electric_potential,1225,0,1225,1225,0.00101298606792712,0,1,0
Gravity,Gravitational_constant,23592,5633,29225,17959,0.00223365411971996,0.00653487101373448,1,1
Electromagnetic_spectrum,Electromagnetic_radiation,45940,26246,72186,19694,0.00331976522019134,0.00190474103149354,1,1
Mass,Kilogram,8668,6841,15509,1827,0.00114477206449763,0.00116865656598442,1,1
Acceleration,Free_fall,625,1363,1988,738,0.000102812945745526,0.000660905522997864,1,1
Distance,Length,3919,7446,11365,3527,0.00183468800940798,0.00244597486683628,1,1
Force,Lever,48,0,48,48,2.79111845175264E-06,0,0,0
Displacement_(vector),Acceleration,597,475,1072,122,0.000783781370947837,0.000195344548715024,1,1
Scalar_(mathematics),Euclidean_vector,1063,248,1311,815,0.0094442716893963,6.1306121984845E-05,1,1
Electrostatics,Force,747,0,747,747,0.000435242905744565,0,1,0
Amplitude,Frequency,6117,1148,7265,4969,0.00457273656268058,0.000255075627257186,1,1
Specular_reflection,Ray_(optics),227,136,363,91,0.000427028054050088,0.000460703046398894,1,1
Equations_of_motion,Displacement_(vector),331,0,331,331,0.000505026616886198,0,1,0
Voltage,Ohm,1225,775,2000,450,0.000231329316449252,0.00150135897202436,1,1
Free_fall,Normal_force,657,0,657,657,0.00031857294835627,0,1,0
Plane_mirror,Reflection_(physics),1719,0,1719,1719,0.0140536474897193,0,1,0
Work_(physics),Resultant_force,628,138,766,490,0.0001801137240348,0.0198389879240943,1,1
Electroscope,Voltage,86,658,744,572,0.00126297857342164,0.000146184571573677,1,1
Electromotive_force,Electrical_resistance_and_conductance,340,429,769,89,0.000281155316812426,0.000227096473652309,1,1
Electron,Joule,142,84,226,58,6.25536965115786E-06,3.51797686176361E-05,1,0
Acceleration,Physics,2267,11,2278,2256,0.000372923116808173,1.10236451677025E-07,1,0
Motion_(physics),Distance,4838,0,4838,4838,0.000828804147652538,0,1,0
Photoelectric_effect,Electroscope,519,0,519,519,0.000163899170745988,0,1,0
Plasticity_(physics),Elasticity_(physics),2669,840,3509,1829,0.00772338196739338,0.00119876527177008,1,1
Refraction,Ray_(optics),134,43,177,91,6.39150445044271E-05,0.00014566346319965,1,1
Force,Motion_(physics),5647,2260,7907,3387,0.000328363456188482,0.000471855588805832,1,1
Refraction,Wave,1082,808,1890,274,0.000516090135476046,8.90923507270344E-05,1,1
Creep_(deformation),Temperature,32,0,32,32,0.000142239290937135,0,0,0
Hooke's_law,Elasticity_(physics),761,3178,3939,2417,0.000450818433912446,0.00453532861153012,1,1
Work_(physics),Kinetic_energy,1499,6002,7501,4503,0.000429921134280517,0.00238501785981801,1,1
Refraction,Reflection_(physics),2920,5605,8525,2685,0.00139277559666363,0.00284296102125449,1,1
Kinetic_energy,Velocity,9612,952,10564,8660,0.00594148270034578,0.000125878704761018,1,1
Energy,Field_(physics),733,10,743,723,2.37338985087988E-05,3.51536601639426E-06,1,0
Field_(physics),Magnetic_field,117,0,117,117,8.5001518403192E-05,0,1,0
Ohm,Kilogram,714,236,950,478,0.000592795295496831,4.031617447337E-05,1,1
Electromagnetic_radiation,Temperature,10,27,37,17,5.96132258141244E-07,4.39883701266181E-06,0,0
Motion_(physics),Speed,5746,0,5746,5746,0.000984354822739042,0,1,0
Elasticity_(physics),Force,45,476,521,431,4.28130657865569E-05,2.22966432544106E-05,0,1
Absorption_spectroscopy,Frequency,136,0,136,136,0.000459048486996439,0,1,0
Gravity,Acceleration,551,694,1245,143,5.21678289236054E-05,0.000285408666964687,1,1
Equations_of_motion,Velocity,844,4555,5399,3711,0.00128774158505121,0.000602287290111805,1,1
Electric_current,Magnetic_field,5802,4105,9907,1697,0.00124933893992665,0.00063944943481549,1,1
Force,Magnetism,2044,0,2044,2044,0.0001188551274038,0,1,0
Electric_potential_energy,Displacement_(vector),23,0,23,23,2.30211564427709E-05,0,0,0
Force,Gravity,4764,4518,9282,246,0.000277018506336449,0.00030194631063111,1,1
Electromagnetic_spectrum,Electric_current,10,0,10,10,7.22630653067336E-07,0,0,0
Electrical_conductor,Physics,1737,0,1737,1737,0.00227803577447315,0,1,0
Joule,Potential_energy,85,5019,5104,4934,1.66126722245502E-05,0.00135640473560648,0,1
Emission_spectrum,Electron,10,0,10,10,9.33729483628921E-06,0,0,0
Force,Normal_force,1517,0,1517,1517,8.8210972735599E-05,0,1,0
Electric_current,Series_and_parallel_circuits,448,2745,3193,2297,9.64673983259461E-05,0.0107548788753805,1,1
Ray_(optics),Wavelength,79,0,79,79,0.000401420724488189,0,1,0
Lever,Power_(physics),267,0,267,267,0.000302668241599539,0,1,0
Transverse_wave,Wave,3165,5138,8303,1973,0.0105466250799744,0.00056653031935087,1,1
Frame_of_reference,Inertial_frame_of_reference,11957,11431,23388,526,0.0318468623236464,0.00854372502225434,1,1
Refraction,Refracting_telescope,259,90,349,169,0.000123537287512288,0.000244873305272666,1,1
Intensity_(physics),Refractive_index,1049,0,1049,1049,0.00128797785021886,0,1,0
Refracting_telescope,Virtual_image,318,0,318,318,0.000988821343615417,0,1,0
Distance,Displacement_(vector),477,4803,5280,4326,0.000223308543120084,0.00659232062587928,1,1
Electromagnetic_radiation,Physics,8589,384,8973,8205,0.000512017996517515,3.84825431308886E-06,1,1
Joule,Kilogram,3042,415,3457,2627,0.000594538222436254,7.08949678239345E-05,1,1
Wave,Snell's_law,262,222,484,40,2.35827403144245E-05,0.000316596502036486,1,1
Inelastic_collision,Kinetic_energy,279,232,511,47,0.000974883642920039,9.21899605927655E-05,1,1
Wave,Transmission_medium,1436,1422,2858,14,0.000129255019433258,0.0103147373078681,1,1
Light,Dispersion_(optics),5500,649,6149,4851,0.000477593152807753,0.000466472554666774,1,1
Work_(physics),Power_(physics),2754,30659,33413,27905,0.000789861777057068,0.00827507617447971,1,1
Electrical_conductor,Insulator_(electricity),3956,4328,8284,372,0.00518820352551282,0.00993350883756372,1,1
Electric_potential_energy,Electrostatics,214,2577,2791,2363,0.000214196846902303,0.00135135064271747,1,1
Friction,Potential_energy,10,0,10,10,2.19237378394507E-06,0,0,0
Hardness,Force,64,0,64,64,4.67556338712423E-05,0,0,0
Geometrical_optics,Virtual_image,12,0,12,12,4.76566812681443E-05,0,0,0
Geometrical_optics,Refractive_index,890,674,1564,216,0.00353453719405403,0.000154011203515294,1,1
Snell's_law,Electromagnetic_radiation,170,495,665,325,0.000165879228212739,3.59234477859218E-05,1,1
Magnetic_field,Metre,896,0,896,896,5.446747255426E-05,0,1,0
Snell's_law,Reflection_(physics),779,2392,3171,1613,0.000760117169280728,0.00121326721906169,1,1
Hooke's_law,Physics,417,0,417,417,0.000247031914509185,0,1,0
Light,Transverse_wave,996,849,1845,147,8.64877782175494E-05,0.0014145497016783,1,1
Energy,Electron,44,51,95,7,1.42468149302476E-06,6.49031257218087E-06,0,0
Wave,Hertz,10,0,10,10,9.00104592153608E-07,0,0,0
Collision,Velocity,21,0,21,21,7.06992152387109E-05,0,0,0
Force,Power_(physics),500,7896,8396,7396,2.907415053909E-05,0.00213118501822277,1,1
Potential_energy,Gravitational_field,26,300,326,274,9.0760288464123E-06,0.000325739618949794,0,1
Speed,Position_(vector),921,0,921,921,0.000159589150640895,0,1,0
Ray_(optics),Specular_reflection,136,227,363,91,0.000691053399118907,0.000664265167631851,1,1
Torque,Velocity,275,109,384,166,0.000109170739066054,1.44125827930157E-05,1,1
Friction,Work_(physics),865,10,875,855,0.000189640332311249,2.99841893369626E-06,1,0
Diffraction,Refractive_index,2281,116,2397,2165,0.00109905623785485,2.6506379240021E-05,1,1
Refractive_index,Electromagnetic_radiation,1008,412,1420,596,0.000138198789910556,2.98999201773733E-05,1,1
Ohm,Metre,898,0,898,898,0.000745560469686491,0,1,0
Electric_potential_energy,Voltage,195,1170,1365,975,0.000195179369840884,0.000259933052798179,1,1
Magnetic_field,Electric_field,4339,15750,20089,11411,0.000263766030594793,0.00338438853553963,1,1
Frequency,Wavelength,10312,11275,21587,963,0.00362779115996793,0.00192350309236176,1,1
Torque,Power_(physics),2151,11923,14074,9772,0.000853913671749392,0.00321810017379306,1,1
Electromagnetic_radiation,Coulomb's_law,14,0,14,14,8.34585161397742E-07,0,0,0
Amplitude,Electric_field,23,0,23,23,1.71935492793286E-05,0,0,0
Electromagnetic_radiation,Electric_current,113,320,433,207,6.73629451699606E-06,4.71457241922096E-05,1,1
Position_(vector),Displacement_(vector),1344,4112,5456,2768,0.00280980504886845,0.00564389390248087,1,1
Kinetic_energy,Inelastic_collision,232,279,511,47,0.000143406573707888,0.00134046325256922,1,1
Velocity,Gravitational_acceleration,100,0,100,100,3.04693560545353E-05,0,1,0
Electromagnetic_radiation,Transverse_wave,17864,905,18769,16959,0.00106493066594352,0.00150785333335555,1,1
Gravitational_field,Mass,178,1223,1401,1045,0.000386543928111516,0.000135327655030665,1,1
Magnification,Virtual_image,479,51,530,428,0.00390252645815172,0.000501529172280188,1,0
Motion_(physics),Force,2260,5647,7907,3387,0.000387163574554514,0.000264515009364824,1,1
Mass,Gravity_of_Earth,525,405,930,120,6.93361021990374E-05,0.000265501867363134,1,1
Electric_field,Electric_potential,4556,9831,14387,5275,0.000783201261235956,0.00416704638175672,1,1
Hertz,Kilogram,10,77,87,67,6.48943163610901E-06,1.31540060781758E-05,0,0
Insulator_(electricity),Dielectric,3775,12830,16605,9055,0.0103971290152886,0.00579954896414993,1,1
Mass,Velocity,291,328,619,37,3.84320109331807E-05,4.33699739092584E-05,1,1
Doppler_effect,Relative_velocity,532,1016,1548,484,0.000505879902969952,0.0122128595641355,1,1
Physics,Energy,13332,9812,23144,3520,0.000141374403735796,0.000371781242886065,1,1
Acceleration,Energy,113,117,230,4,1.85885805907912E-05,4.43318440864957E-06,1,1
Joule,Torque,2536,1363,3899,1173,0.00049564396189952,0.000371999339516947,1,1
Scalar_multiplication,Scalar_(mathematics),758,4079,4837,3321,0.037304985481569,0.0362400604149083,1,1
Standing_wave,Amplitude,2845,0,2845,2845,0.00449389572582339,0,1,0
Electron,Dielectric,40,0,40,40,1.76207595807264E-06,0,0,0
Refracting_telescope,Refraction,90,259,349,169,0.000279855097249646,0.000158833633727188,1,1
Electric_current,Electrical_resistance_and_conductance,5923,5724,11647,199,0.00127539375063522,0.00303007043166858,1,1
Absorption_spectroscopy,Electromagnetic_spectrum,972,0,972,972,0.00328084653941573,0,1,0
Electrical_resistance_and_conductance,Ohm's_law,10990,24475,35465,13485,0.00537017826157703,0.0379698134165696,1,1
Motion_(physics),Power_(physics),333,0,333,333,5.70466682861296E-05,0,1,0
Telescope,Electromagnetic_radiation,723,0,723,723,0.000449384287586054,0,1,0
Voltage,Coulomb,10515,447,10962,10068,0.00198565531629705,0.000111152472098119,1,1
Friction,Normal_force,3279,1907,5186,1372,0.000718879363755589,0.00971111099794778,1,1
Euclidean_vector,Inertial_frame_of_reference,10,65,75,55,2.37314022933078E-06,4.8582112365194E-05,0,0
Voltage,Electrical_resistance_and_conductance,665,5277,5942,4612,0.000125578771786737,0.00279344543464624,1,1
Coulomb's_law,Electric_field,4237,19088,23325,14851,0.0041125022202853,0.00410166402326225,1,1
Electromagnetic_radiation,Dispersion_(optics),21,1213,1234,1192,1.25187774209661E-06,0.000871850861033585,0,1
Equations_of_motion,Force,23,0,23,23,3.50924839528174E-05,0,0,0
Specular_reflection,Mirror_image,600,2177,2777,1577,0.00112870851290772,0.00989639920174198,1,1
Electromagnetic_spectrum,Reflection_(physics),587,0,587,587,4.24184193350526E-05,0,1,0
Coulomb's_law,Electric_potential_energy,472,6250,6722,5778,0.000458131000230036,0.00834099592825943,1,1
Plasticity_(physics),Hooke's_law,417,10,427,407,0.00120668800314839,1.29251401731452E-05,1,0
Snell's_law,Total_internal_reflection,2262,4787,7049,2525,0.00220716949539539,0.00796378615063151,1,1
Physics,Diffraction,212,0,212,212,2.24807782718188E-06,0,1,0
Electromotive_force,Joule,22,0,22,22,1.81924028525688E-05,0,0,0
Deformation_(engineering),Strength_of_materials,554,3893,4447,3339,0.00131717221670098,0.00432474346483827,1,1
Virtual_image,Plane_mirror,1011,1791,2802,780,0.00994207829755431,0.0109817338998951,1,1
Total_internal_reflection,Refraction,1372,4526,5898,3154,0.00358677806941409,0.00277560241795078,1,1
Magnetic_field,Coulomb,1040,0,1040,1040,6.32211735004804E-05,0,1,0
Equations_of_motion,Torque,12,0,12,12,1.83091220623395E-05,0,0,0
Electromagnetic_spectrum,Metre,527,0,527,527,3.80826354166486E-05,0,1,0
Motion_(physics),Acceleration,6787,0,6787,6787,0.00116268990287676,0,1,0
Angle_of_incidence,Reflection_(physics),21,0,21,21,0.00014005135216246,0,0,0
Intensity_(physics),Sound_intensity,1606,706,2312,900,0.00197187076020161,0.00355186170881777,1,1
Doppler_effect,Wave,1036,492,1528,544,0.000985134547888855,5.42493026704219E-05,1,1
Electric_field,Electric_potential_energy,465,3231,3696,2766,7.99360374176294E-05,0.00431196125507299,1,1
Wave,Dielectric,668,0,668,668,6.0126986755861E-05,0,1,0
Force,Kilogram,562,10,572,552,3.26793452059371E-05,1.70831247768517E-06,1,0
Motion_(physics),Velocity,5973,2521,8494,3452,0.00102324249151067,0.000333340561662318,1,1
Free_fall,Gravitational_acceleration,126,159,285,33,6.1096181876545E-05,0.000207545519692676,1,1
Transverse_wave,Physics,330,0,330,330,0.00109964811260397,0,1,0
Refractive_index,Wavelength,1348,773,2121,575,0.000184813461110545,0.000131872983627108,1,1
Electromagnetic_radiation,Magnetic_field,9577,1013,10590,8564,0.00057091586362187,0.000157798362355199,1,1
Newton's_law_of_universal_gravitation,Planet,12,0,12,12,5.6702360802792E-06,0,0,0
Electromagnetic_radiation,Electron,224,0,224,224,1.33533625823639E-05,0,1,0
Acceleration,Force,4924,22145,27069,17221,0.000810001511761554,0.00103730916989269,1,1
Strength_of_materials,Deformation_(engineering),3893,554,4447,3339,0.00494256317542862,0.00118545527688084,1,1
Physics,Force,9453,8421,17874,1032,0.000100240941982785,0.000394453850515528,1,1
Crest_(physics),Amplitude,116,136,252,20,0.0153784966193822,0.000223665449115288,1,1
Energy,Work_(physics),9754,7544,17298,2210,0.000315825983703716,0.00226200724358046,1,1
Hardness,Plasticity_(physics),1905,0,1905,1905,0.0013917106644487,0,1,0
Force,Gravitational_acceleration,81,0,81,81,4.71001238733258E-06,0,1,0
Electric_potential_energy,Potential_energy,5559,8753,14312,3194,0.00556411342023319,0.00236553310435614,1,1
Standing_wave,Physics,590,0,590,590,0.000931950255970405,0,1,0
Sound_intensity,Intensity_(physics),706,1606,2312,900,0.00315721217270756,0.00535220936936577,1,1
Force,Acceleration,22145,4924,27069,17221,0.0012876941273763,0.00202500327973216,1,1
Mass,Gravity,5436,8540,13976,3104,0.000717925812483747,0.000570744022308472,1,1
Telescope,Refracting_telescope,15701,783,16484,14918,0.00975903554548913,0.0021303977558722,1,1
Strength_of_materials,Elasticity_(physics),974,0,974,974,0.00123659299585602,0,1,0
Physics,Acceleration,11,2267,2278,2256,1.16645547636796E-07,0.000932307561972544,0,1
Physics,Speed,15,0,15,15,1.59062110413812E-07,0,0,0
Dielectric,Refractive_index,1241,0,1241,1241,0.000448775739060594,0,1,0
Magnetic_field,Force,192,0,192,192,1.16716012616271E-05,0,1,0
Field_(physics),Velocity,515,0,515,515,0.000374151982714905,0,1,0
Gravitational_acceleration,Gravitational_field,2757,1275,4032,1482,0.00319889912387061,0.00138439338053662,1,1
Magnet,Compass,2423,30,2453,2393,0.000331395701101593,7.03827177582635E-05,1,0
Work_(physics),Displacement_(vector),17208,0,17208,17208,0.00493534548278795,0,1,0
Free_fall,Acceleration,1363,625,1988,738,0.000660905522997864,0.00025703230094082,1,1
Potential_energy,Electric_potential,1360,1159,2519,201,0.000474746124273874,0.000491263020695356,1,1
Work_(physics),Energy,7544,9754,17298,2210,0.00216365913076199,0.000369583595914256,1,1
Refraction,Frequency,644,0,644,644,0.0003071737959765,0,1,0
Motion_(physics),Work_(physics),80,0,80,80,1.37049052939651E-05,0,1,0
Velocity,Force,798,10125,10923,9327,0.000243145461315191,0.000474272086031317,1,1
Electrical_resistance_and_conductance,Series_and_parallel_circuits,1870,2262,4132,392,0.000913760996282898,0.00886249035195292,1,1
Force,Free_fall,66,363,429,297,3.83778787115988E-06,0.000176015190644332,1,1
Gravity_of_Earth,Acceleration,3448,0,3448,3448,0.00166553714780628,0,1,0
Motion_(physics),Displacement_(vector),9250,0,9250,9250,0.00158462967461471,0,1,0
Magnetic_field,Electromagnetic_radiation,1013,9577,10590,8564,6.15798545730641E-05,0.00069502799888035,1,1
Friction,Euclidean_vector,98,0,98,98,2.14852630826617E-05,0,1,0
Wave,Shock_wave,2096,676,2772,1420,0.000188661922515396,0.000856493066333868,1,1
Refraction,Transmission_medium,4693,440,5133,4253,0.00223845749148714,0.00319162054533189,1,1
Motion_(physics),Energy,492,229,721,263,8.42851675578852E-05,8.67691649214319E-06,1,1
Acceleration,Torque,47,399,446,352,7.73153352006358E-06,0.000108897825727998,0,1
Diffraction,Interference_(wave_propagation),1024,363,1387,661,0.000493394821378065,0.00390351961975633,1,1
Electric_potential,Force,161,0,161,161,5.11820673295327E-05,0,1,0
Electric_charge,Capacitance,179,9778,9957,9599,0.000571945284966147,0.00676570043128054,1,1
Friction,Mass,47,68,115,21,1.03041567845418E-05,7.52435040235911E-06,1,1
Projectile_motion,Velocity,1411,0,1411,1411,0.00193527061556967,0,1,0
Intensity_(physics),Physics,180,0,180,180,0.000221006685452235,0,1,0
Physics,Wave,189,2478,2667,2289,2.00418259121403E-06,0.000273231243937613,1,1
Refractive_index,Snell's_law,10963,8977,19940,1986,0.00150304894225141,0.0128021927873042,1,1
Hardness,Deformation_(engineering),1011,0,1011,1011,0.000738592903809781,0,1,0
Doppler_effect,Wavelength,2902,0,2902,2902,0.0027595178165767,0,1,0
Diffraction,Dispersion_(optics),21,233,254,212,1.01184484852924E-05,0.000167470115928133,0,1
Inelastic_collision,Elastic_collision,10359,11474,21833,1115,0.0361964862258376,0.0225152125837158,1,1
Magnetism,Coulomb,124,0,124,124,2.65031224525477E-05,0,1,0
Gravitational_acceleration,Gravity,3461,89,3550,3372,0.0040157380731651,5.94803489291031E-06,1,0
Energy,Mechanical_energy,10811,1808,12619,9003,0.000350050718661152,0.00207848822170848,1,1
Mass,Distance,20,0,20,20,2.64137532186809E-06,0,0,0
Kinetic_energy,Mechanical_energy,588,6630,7218,6042,0.00036346148853551,0.00762188988380929,1,1
Gravitational_field,Newton's_law_of_universal_gravitation,2665,1077,3742,1588,0.00578730094616399,0.000865135983792959,1,1
Gravity,Gravitational_acceleration,89,3461,3550,3372,8.42638253031012E-06,0.00451770467708397,0,1
Wave,Elasticity_(physics),32,0,32,32,2.88033469489155E-06,0,0,0
Pitch_(music),Hertz,48,951,999,903,0.000457160272772296,0.00033230891800426,0,1
Doppler_effect,Frequency,2236,0,2236,2236,0.002126217035791,0,1,0
Electric_potential,Coulomb's_law,6233,606,6839,5627,0.00198147717804334,0.000504166025366373,1,1
Temperature,Kilogram,33,0,33,33,8.6848824619589E-06,0,0,0
Displacement_(vector),Distance,4803,477,5280,4326,0.00630569836626878,0.000129283918869327,1,1
Electric_potential,Capacitance,512,8526,9038,8014,0.0001627653321287,0.00589940293281835,1,1
Motion_(physics),Newton's_laws_of_motion,2311,167,2478,2144,0.000395900451679416,0.000197022018095352,1,1
Pigment,Wavelength,2717,0,2717,2717,0.00465628015142765,0,1,0
Wave,Physics,2478,189,2667,2289,0.000223045917935664,1.89406266972342E-06,1,1
Temperature,Wavelength,45,0,45,45,1.18430215390349E-05,0,0,0
Interference_(wave_propagation),Crest_(physics),85,113,198,28,0.000317931723227344,0.0299575821845175,1,1
Wave,Electromagnetic_spectrum,686,11,697,675,6.17471750217375E-05,4.87192937792903E-07,1,0
Electrical_conductor,Electric_current,9431,2573,12004,6858,0.0123685408112011,0.000379081088582985,1,1
Inertial_frame_of_reference,Velocity,201,0,201,201,0.000250384608197916,0,1,0
Force,Torque,4762,8844,13606,4082,0.000276902209734293,0.00241376534019653,1,1
Motion_(physics),Inertial_frame_of_reference,1047,0,1047,1047,0.000179362948034768,0,1,0
Deformation_(engineering),Creep_(deformation),859,0,859,859,0.00204233020603997,0,1,0
Shock_wave,Energy,207,0,207,207,0.00014122202763449,0,1,0
Motion_(physics),Mass,929,988,1917,59,0.000159148212726169,0.000109324385257806,1,1
Magnet,Euclidean_vector,448,0,448,448,6.12733281442484E-05,0,1,0
Voltage,Electric_current,9381,11974,21355,2593,0.00177151046335545,0.00176413406711724,1,1
Velocity,Speed,16412,12674,29086,3738,0.00500063071567033,0.00420924259870415,1,1
Energy,Temperature,2766,80,2846,2686,8.9560659311511E-05,1.30335911486276E-05,1,1
Electrical_resistance_and_conductance,Ohm,10478,13232,23710,2754,0.00511999343264824,0.0256335250552597,1,1
Amplitude,Voltage,34,0,34,34,2.54165511085728E-05,0,0,0
Wave,Mass,911,0,911,911,8.19995283451937E-05,0,1,0
Electric_potential,Electric_potential_energy,12435,12288,24723,147,0.00395309942386795,0.0163990652746323,1,1
Gravity_of_Earth,Mass,405,525,930,120,0.000195632988648939,5.80924111946843E-05,1,1
Dielectric,Dispersion_(optics),909,0,909,909,0.000328716476072587,0,1,0
Acceleration,Distance,393,187,580,206,6.46487802847869E-05,5.06836327642853E-05,1,1
Crest_(physics),Wave,258,0,258,258,0.0342038976534535,0,1,0
Wave,Sonic_boom,371,0,371,371,3.33938803688989E-05,0,1,0
Displacement_(vector),Euclidean_vector,5760,903,6663,4857,0.00756211171969773,0.000223223500614174,1,1
Geometrical_optics,Diffraction,1041,46,1087,995,0.00413421710001152,3.44776670911417E-05,1,0
Magnetism,Energy,14,0,14,14,2.99228801883603E-06,0,0,0
Gravity,Normal_force,46,207,253,161,4.35520894825018E-06,0.00105411640093088,0,1
Equations_of_motion,Speed,130,0,130,130,0.000198348822342011,0,1,0
Newton's_laws_of_motion,Force,9428,22855,32283,13427,0.00342243225014393,0.00107056676802427,1,1
Friction,Mechanical_energy,992,1018,2010,26,0.000217483479367351,0.00117029923102833,1,1
Motion_(physics),Gravity,290,0,290,290,4.96802816906234E-05,0,1,0
Normal_force,Contact_force,4172,1358,5530,2814,0.0467393374486058,0.00692768779492412,1,1
Refractive_index,Total_internal_reflection,7866,3399,11265,4467,0.00107844412840916,0.00565467080133623,1,1
Huygens–Fresnel_principle,Frequency,15,0,15,15,0.000203646632363523,0,0,0
Newton's_law_of_universal_gravitation,Mass,1905,274,2179,1631,0.000900149977744323,3.03187060330352E-05,1,1
Electron,Energy,51,44,95,7,2.24664684654261E-06,1.66718046137249E-06,0,0
Electromagnetic_radiation,Electromagnetic_spectrum,26246,45940,72186,19694,0.00156460872471751,0.00203469486929145,1,1
Physics,Magnetic_field,226,0,226,226,2.39653579690144E-06,0,1,0
Motion_(physics),Field_(physics),102,0,102,102,1.74737542498055E-05,0,1,0
Acceleration,Gravitational_acceleration,2541,1997,4538,544,0.000417996312223012,0.00260671951463065,1,1
Plane_mirror,Ray_(optics),47,0,47,47,0.00038424748808424,0,1,0
Hardness,Stiffness,3408,1785,5193,1623,0.00248973750364365,0.00383242120992865,1,1
Electron,Photoelectric_effect,94,2573,2667,2479,4.14087850147069E-06,0.00232156520232716,1,1
Electrostatics,Physics,1082,483,1565,599,0.00063043216066348,4.84038237818208E-06,1,1
Non-inertial_reference_frame,Inertial_frame_of_reference,11549,5970,17519,5579,0.0732660453844739,0.00446208016646474,1,1
Hertz,Wavelength,688,301,989,387,0.0004464728965643,5.13502821109436E-05,1,1
Gravity_of_Earth,Speed,423,0,423,423,0.000204327788144448,0,1,0
Friction,Free_body_diagram,1038,10,1048,1028,0.000227568398773498,0.00109349371241115,1,0
Hardness,Strength_of_materials,3123,33,3156,3090,0.00228152882156078,3.66597827741235E-05,1,0
Gravity_of_Earth,Non-inertial_reference_frame,539,0,539,539,0.000260360940448835,0,1,0
Elastic_collision,Potential_energy,700,15,715,685,0.00147171056919457,4.05380972984601E-06,1,0
Voltage,Electrostatics,329,0,329,329,6.21284449892276E-05,0,1,0
Magnetic_field,Electrostatics,1039,0,1039,1039,6.31603839105761E-05,0,1,0
Hertz,Frequency,16993,15488,32481,1505,0.01102749117924,0.00344129905484259,1,1
Energy,Electric_field,3493,0,3493,3493,0.000113100283071261,0,1,0
Potential_energy,Force,1095,1002,2097,93,0.00038224044564698,4.69353708842844E-05,1,1
Mass,Physics,2128,146,2274,1982,0.000281042334246765,1.46313835862233E-06,1,1
Mirror_image,Plane_mirror,989,1022,2011,33,0.00505786628617602,0.00626651705510488,1,1
Normal_force,Friction,1907,3279,5186,1372,0.0213643136420161,0.00347458067141318,1,1
Dielectric,Torque,10,0,10,10,3.61624286108456E-06,0,0,0
Refraction,Diffraction,7894,4847,12741,3047,0.00376526389043244,0.00363289679110356,1,1
Equations_of_motion,Gravity,24,0,24,24,3.6618244124679E-05,0,0,0
Hardness,Fracture,351,0,351,351,0.000256425429512594,0,1,0
Plane_mirror,Mirror_image,1022,989,2011,33,0.00835533899621475,0.00449588369798935,1,1
Energy,Equations_of_motion,67,22,89,45,2.16940136437861E-06,2.51750524384899E-05,0,0
Gravitational_acceleration,Physics,355,0,355,355,0.000411900322442534,0,1,0
Gravity,Physics,85,2075,2160,1990,8.04766870872315E-06,2.07946033845296E-05,0,1
Projectile_motion,Motion_(physics),544,1985,2529,1441,0.00074612843009915,0.00041443953264583,1,1
Potential_energy,Work_(physics),1236,2680,3916,1444,0.000431460448237138,0.000803576274230598,1,1
Motion_(physics),Temperature,57,0,57,57,9.76474502195012E-06,0,0,0
Specular_reflection,Refraction,64,0,64,64,0.000120395574710157,0,1,0
Refractive_index,Frequency,888,0,888,888,0.000121746553016442,0,1,0
Electromagnetic_radiation,Laser,216,8213,8429,7997,1.28764567758509E-05,0.00104284449071973,1,1
Velocity,Equations_of_motion,4555,844,5399,3711,0.00138787916828408,0.000965806557185704,1,1
Energy,Energy_level,685,220,905,465,2.21797005164082E-05,0.000685228040777298,1,1
Joule,Coulomb,19242,2365,21607,16877,0.00376071810523287,0.000588088582801008,1,1
Series_and_parallel_circuits,Ohm's_law,3363,1253,4616,2110,0.0131761958680892,0.0019438682823682,1,1
Wave,Frequency,2036,1845,3881,191,0.000183261294962475,0.00040994297237762,1,1
Stiffness,Hooke's_law,3779,5929,9708,2150,0.0097362780056475,0.00766331560865778,1,1
Ohm,Electromotive_force,983,0,983,983,0.000816131338198019,0,1,0
Kinetic_energy,Physics,3308,0,3308,3308,0.00204477993890385,0,1,0
Electrostatics,Electric_field,2805,2999,5804,194,0.00163434585088823,0.000644430553529101,1,1
Electron,Potential_energy,21,0,21,21,9.25089877988134E-07,0,0,0
Torque,Speed,77,34,111,43,3.05678069384952E-05,1.12919558431388E-05,1,0
Photoelectric_effect,Light,2647,1350,3997,1297,0.000835917350606222,0.000141906862426658,1,1
Elasticity_(physics),Energy,11,0,11,11,1.04654160811584E-05,0,0,0
Torque,Lever,5246,5443,10689,197,0.00208258071687462,0.00925518149031717,1,1
Tension_(physics),Physics,1035,0,1035,1035,0.00348040715719671,0,1,0
Physics,Newton's_law_of_universal_gravitation,1334,0,1334,1334,1.4145923686135E-05,0,1,0
Diffraction,Wavelength,1197,240,1437,957,0.000576751563661664,4.09437465336427E-05,1,1
Gravitational_constant,Newton's_law_of_universal_gravitation,12788,30870,43658,18082,0.01483542171554,0.0247973517360154,1,1
Tension_(physics),Compression_(physics),5423,2168,7591,3255,0.0182359884188191,0.13532238936396,1,1
Electric_potential,Gravity,167,0,167,167,5.30894735654159E-05,0,1,0
Specular_reflection,Light,367,0,367,367,0.000690393373728557,0,1,0
Ray_(optics),Light,1982,0,1982,1982,0.0100710870371594,0,1,0
Total_internal_reflection,Wave,460,0,460,460,0.00120256407575108,0,1,0
Total_internal_reflection,Reflection_(physics),840,1748,2588,908,0.00219598657311067,0.000886618352391232,1,1
Sound,Sound_intensity,3744,0,3744,3744,0.00568892346544177,0,1,0
Torque,Energy,703,73,776,630,0.000279080107503404,2.76600394727709E-06,1,0
Field_(physics),Electrostatics,32,0,32,32,2.32482785376252E-05,0,0,0
Gravity_of_Earth,Free_fall,5386,0,5386,5386,0.00260167722682268,0,1,0
Energy,Electromagnetic_radiation,996,1545,2541,549,3.22496083421059E-05,0.00011212470066515,1,1
Friction,Deformation_(engineering),1071,0,1071,1071,0.000234803232260517,0,1,0
Displacement_(vector),Position_(vector),4112,1344,5456,2768,0.00539850753322865,0.00363621606265979,1,1
Intensity_(physics),Power_(physics),4493,1426,5919,3067,0.00551657243187162,0.000384887263929289,1,1
Wave,Dispersion_(optics),192,0,192,192,1.72820081693493E-05,0,1,0
Distance,Physics,2702,12,2714,2690,0.00126494692559846,1.20257947284027E-07,1,0
Electromotive_force,Magnetic_field,94,456,550,362,7.7731175824612E-05,7.10326290562396E-05,1,1
Electromagnetic_radiation,Energy,1545,996,2541,549,9.21024338828222E-05,3.77389031710682E-05,1,1
Gravity_of_Earth,Newton's_law_of_universal_gravitation,2127,0,2127,2127,0.00102743547371924,0,1,0
Refraction,Snell's_law,14274,2119,16393,12155,0.00680838317355367,0.00302192787304195,1,1
Energy_level,Wavelength,85,0,85,85,0.000158848516448297,0,1,0
Newton's_law_of_universal_gravitation,Gravitational_constant,30870,12788,43658,18082,0.0145866823165182,0.01483542171554,1,1
Wave,Transverse_wave,5138,3165,8303,1973,0.000462473739448524,0.00527332132604454,1,1
Magnetic_field,Electric_current,4105,5802,9907,1697,0.000249541266557185,0.00085481091176,1,1
Newton's_law_of_universal_gravitation,Gravitational_field,1077,2665,3742,1588,0.000508903688205058,0.002893653615004,1,1
Photoelectric_effect,Kinetic_energy,1186,0,1186,1186,0.000374536447986014,0,1,0
Dispersion_(optics),Light,649,5500,6149,4851,0.000763318376684093,0.000578139069145643,1,1
Light,Wavelength,8297,5661,13958,2636,0.000720470979790168,0.000965760621362297,1,1
Total_internal_reflection,Laser,191,85,276,106,0.000499325518409687,1.07928627433552E-05,1,1
Wavelength,Interference_(wave_propagation),190,0,190,190,8.42758552779529E-05,0,1,0
Work_(physics),Joule,18451,6315,24766,12136,0.00529184446204792,0.00264476474786157,1,1
Power_(physics),Kilogram,486,16,502,470,0.000278746284099819,2.73329996429627E-06,1,0
Force,Potential_energy,1002,1095,2097,93,5.82645976803363E-05,0.000295928110278759,1,1
Virtual_image,Ray_(optics),90,0,90,90,0.000885051480494449,0,1,0
Field_line,Magnetic_field,642,2415,3057,1773,0.0106983952407139,0.000376192542041269,1,1
Equations_of_motion,Motion_(physics),445,103,548,342,0.000678963276478423,2.15049228526552E-05,1,1
Electrostatics,Field_line,429,0,429,429,0.00024995877719467,0,1,0
Diffraction,Huygens–Fresnel_principle,17408,2217,19625,15191,0.00838771196342711,0.0300989722633287,1,1
Force,Elasticity_(physics),476,45,521,431,2.76785913132137E-05,6.42195681305398E-05,1,0
Energy,Potential_energy,14728,7288,22016,7440,0.000476879750665197,0.00196961102074118,1,1
Electric_field,Coulomb,3466,134,3600,3332,0.00059582431331076,3.33208753045814E-05,1,0
Electric_field,Electric_current,435,685,1120,250,7.47788737132662E-05,0.000100921315848949,1,1
Frequency,Energy,46,130,176,84,1.61829318617654E-05,4.92576045405508E-06,0,1
Light,Refracting_telescope,176,10,186,166,1.52829808898481E-05,2.72081450302963E-05,1,0
Photoelectric_effect,Electromagnetic_radiation,1031,494,1525,537,0.000325587755374014,3.58508751641321E-05,1,1
Magnetic_field,Voltage,10,1602,1612,1592,6.07895899043081E-07,0.000355908333831353,0,1
Euclidean_vector,Force,1045,13440,14485,12395,0.000247993153965066,0.000629552280124533,1,1
Contact_force,Force,912,377,1289,535,0.00930488812708518,1.76593161909932E-05,1,1
Standing_wave,Frequency,47,10,57,37,7.42401051366255E-05,2.221913129418E-06,1,0
Interference_(wave_propagation),Huygens–Fresnel_principle,161,0,161,161,0.000602200087524733,0,1,0
Specular_reflection,Refractive_index,369,0,369,369,0.000694155735438249,0,1,0
Acceleration,Velocity,22242,19640,41882,2602,0.00365882486283519,0.00259690941334706,1,1
Velocity,Metre,929,0,929,929,0.000283060317746633,0,1,0
Capacitance,Voltage,4416,377,4793,4039,0.00277778826158009,8.37562059016356E-05,1,1
Electrostatics,Electrical_conductor,456,0,456,456,0.000265690448486642,0,1,0
Ohm,Coulomb,3543,840,4383,2703,0.00294155984866285,0.000208877128774988,1,1
Electric_field,Physics,1056,0,1056,1056,0.000181532162393584,0,1,0
Magnetic_field,Torque,944,0,944,944,5.73853728696668E-05,0,1,0
Intensity_(physics),Wave,361,0,361,361,0.000443241185823649,0,1,0
Wave,Energy,2862,0,2862,2862,0.000257609934274363,0,1,0
Capacitor,Dielectric,19041,4615,23656,14426,0.0173117626521973,0.00208611991189025,1,1
Geometrical_optics,Snell's_law,699,0,699,699,0.0027760016838694,0,1,0
Wave,Doppler_effect,492,1036,1528,544,4.42851459339575E-05,0.000591080953557355,1,1
Ohm's_law,Voltage,8536,11495,20031,2959,0.016553125721145,0.00255378670249151,1,1
Power_(physics),Intensity_(physics),1426,4493,5919,3067,0.00081788518750276,0.014973522226999,1,1
Capacitance,Electric_current,643,329,972,314,0.000404465093341486,4.84716976851155E-05,1,1
Hooke's_law,Stiffness,5929,3779,9708,2150,0.00351235544634283,0.00811356848869489,1,1
Physics,Frame_of_reference,377,722,1099,345,3.99776104173381E-06,0.00336526136707917,1,1
Coulomb's_law,Electric_potential,606,6233,6839,5627,0.000588193614702123,0.00264196929076286,1,1
Ohm's_law,Series_and_parallel_circuits,1253,3363,4616,2110,0.00242983441056639,0.0131761958680892,1,1
Telescope,Electromagnetic_spectrum,2008,11,2019,1997,0.00124808250272863,4.87192937792903E-07,1,0
Newton's_laws_of_motion,Motion_(physics),167,2311,2478,2144,6.06222089280904E-05,0.000482503657402777,1,1
Mass,Free_fall,556,0,556,556,7.34302339479329E-05,0,1,0
Displacement_(vector),Motion_graphs_and_derivatives,214,294,508,80,0.000280953456252659,0.0215700660308144,1,1
Collision,Inelastic_collision,4348,1095,5443,3253,0.0146381041837102,0.00526095792675017,1,1
Motion_(physics),Relative_velocity,5025,0,5025,5025,0.000860839363777182,0,1,0
Electromagnetic_radiation,Voltage,23,0,23,23,1.37110419372486E-06,0,0,0
Photoelectric_effect,Physics,1519,1549,3068,30,0.000479697187597601,1.55232966952465E-05,1,1
Wave,Wavelength,5815,2441,8256,3374,0.000523410820337323,0.000416432022035924,1,1
Magnet,Magnetism,40639,6624,47263,34015,0.00555822942512078,0.00336247580555509,1,1
Acceleration,Potential_energy,11,0,11,11,1.80950784512126E-06,0,0,0
Light,Electromagnetic_spectrum,35889,80438,116327,44549,0.00311642557474863,0.00356262050274414,1,1
Shock_wave,Temperature,287,0,287,287,0.000195800589039124,0,1,0
Laser,Diffraction,251,1135,1386,884,4.95766235356626E-05,0.000850698959748823,1,1
Laser,Light,4616,783,5399,3833,0.000911735833627962,8.23059802074615E-05,1,1
Inelastic_collision,Collision,1095,4348,5443,3253,0.00382615623296574,0.00688853189352244,1,1
Inelastic_collision,Friction,2380,0,2380,2380,0.00831621172096664,0,1,0
Reflection_(physics),Diffraction,1827,159,1986,1668,0.00195634156631537,0.000119172805815033,1,1
Scattering,Light,378,0,378,378,0.000563290450736674,0,1,0
Equations_of_motion,Position_(vector),198,191,389,7,0.000302100514028602,0.000516753919619063,1,1
Dielectric,Electric_field,3349,0,3349,3349,0.00121107973417722,0,1,0
Potential_energy,Mechanical_energy,572,7653,8225,7081,0.000199672634621071,0.00879793714642421,1,1
Friction,Speed,34,11,45,23,7.45407086541324E-06,3.65327983160373E-06,0,0
Wave,Refraction,808,1082,1890,274,7.27284510460115E-05,0.000663544369470336,1,1
Interference_(wave_propagation),Wave,194,291,485,97,0.000725632403601231,3.20864777989691E-05,1,1
Emission_spectrum,Electromagnetic_radiation,1879,119,1998,1760,0.00175447769973874,8.63614199297918E-06,1,1
Mass,Potential_energy,10,2009,2019,1999,1.32068766093405E-06,0.000542940249817376,0,1
Frame_of_reference,Non-inertial_reference_frame,3383,2503,5886,880,0.0090104487112901,0.0158788563163337,1,1
Kinetic_energy,Energy,9744,21414,31158,11670,0.00602307609573131,0.000811386418177966,1,1
Elasticity_(physics),Stiffness,2065,3018,5083,953,0.001964644018872,0.00647969031460206,1,1
Work_(physics),Torque,4462,2441,6903,2021,0.00127972521758484,0.000666214517799609,1,1
Snell's_law,Refraction,2119,14274,16393,12155,0.0020676357916635,0.00875363431591458,1,1
Acceleration,Inertial_frame_of_reference,682,31,713,651,0.000112189486397518,2.3169930512631E-05,1,0
Magnetism,Coulomb's_law,335,312,647,23,7.16011775935763E-05,0.000259570626921301,1,1
Energy,Kinetic_energy,21414,9744,31158,11670,0.000693366579355277,0.00387197834489615,1,1
Scalar_(mathematics),Scalar_multiplication,4079,758,4837,3321,0.0362400604149083,0.0746062992125984,1,1
Tension_(physics),Force,2264,1156,3420,1108,0.00761318048685348,5.41489907607113E-05,1,1
Sonic_boom,Doppler_effect,196,169,365,27,9.91628329607138E-05,9.64215069026959E-05,1,1
Work_(physics),Force,17076,1523,18599,15553,0.00489748718410548,7.13398900766119E-05,1,1
Temperature,Kinetic_energy,2044,0,2044,2044,0.000537936356128606,0,1,0
Newton's_law_of_universal_gravitation,Gravitational_acceleration,873,3316,4189,2443,0.000412509674840312,0.00432843360566612,1,1
Frequency,Wave,1845,2036,3881,191,0.000649076288803416,0.000224495081782478,1,1
Electric_potential_energy,Electron,28,0,28,28,2.80257556694602E-05,0,0,0
Voltage,Electric_potential,61516,3871,65387,57645,0.0116166973311773,0.00164079305704204,1,1
Newton's_laws_of_motion,Newton's_law_of_universal_gravitation,10272,2733,13005,7539,0.0037288103599362,0.00219537292823227,1,1
Photoelectric_effect,Voltage,215,0,215,215,6.7896573623097E-05,0,1,0
Force,Physics,8421,9453,17874,1032,0.000489666843379354,9.47331979729922E-05,1,1
Gravity,Force,4518,4764,9282,246,0.000427757261482485,0.000223153799294143,1,1
Speed,Mass,67,71,138,4,1.16096341942888E-05,7.8563070377573E-06,0,1
Sonic_boom,Sound,700,11,711,689,0.000354152974859692,1.67142516345778E-05,1,0
Energy,Physics,9812,13332,23144,3520,0.000317703972944521,0.000133606579432554,1,1
Power_(physics),Velocity,6291,0,6291,6291,0.00360821578862543,0,1,0
Gravity_of_Earth,Kilogram,561,167,728,394,0.000270987917610012,2.85288183773423E-05,1,1
Kinetic_energy,Force,272,541,813,269,0.000168131845036834,2.53413529425128E-05,1,1
Torque,Distance,11,0,11,11,4.36682956264217E-06,0,0,0
Electric_potential_energy,Energy,10,1009,1019,999,1.00091984533787E-05,3.82314792164737E-05,0,1
Displacement_(vector),Velocity,3627,821,4448,2806,0.00476176722349716,0.000108557160303357,1,1
Voltage,Voltmeter,3552,0,3552,3552,0.000670760597573667,0,1,0
Energy,Electric_potential_energy,1009,10,1019,999,3.26705369650451E-05,1.33455934852151E-05,1,0
Amplitude,Power_(physics),109,0,109,109,8.1482472671601E-05,0,1,0
Laser,Power_(physics),72,0,72,72,1.42211828468833E-05,0,0,0
Projectile_motion,Euclidean_vector,638,0,638,638,0.000875055033829518,0,1,0
Electroscope,Capacitance,87,0,87,87,0.00127766437078701,0,1,0
Dispersion_(optics),Phase_velocity,12402,7849,20251,4553,0.0145865554817198,0.0956985052061742,1,1
Energy_level,Potential_energy,392,0,392,392,0.000732571981738027,0,1,0
Wave,Interference_(wave_propagation),291,194,485,97,2.619304363167E-05,0.00208617852956674,1,1
Interference_(wave_propagation),Frequency,154,0,154,154,0.000576017475023658,0,1,0
Light,Hertz,6122,322,6444,5800,0.000531604596634375,0.000112516794529308,1,1
Elasticity_(physics),Hooke's_law,3178,761,3939,2417,0.00302355384599284,0.000983603167176348,1,1
Joule,Power_(physics),3860,11196,15056,7336,0.000754410762197219,0.0030218778449876,1,1
Electromagnetic_radiation,Metre,14,0,14,14,8.34585161397742E-07,0,0,0
Magnetism,Electron,124,1412,1536,1288,2.65031224525477E-05,0.000179692575527831,1,1
Friction,Velocity,36,38,74,2,7.89254562220226E-06,5.02457014802384E-06,0,0
Electron,Kilogram,502,0,502,502,2.21140532738116E-05,0,1,0
Potential_energy,Electric_potential_energy,8753,5559,14312,3194,0.00305548001894796,0.00741881541843107,1,1
Deformation_(engineering),Fatigue_(material),825,0,825,825,0.00196149292198251,0,1,0
Electromagnetic_spectrum,Magnetic_field,554,0,554,554,4.00337381799304E-05,0,1,0
Potential_energy,Energy,7288,14728,22016,7440,0.00254408070125588,0.00055805076897941,1,1
Motion_graphs_and_derivatives,Displacement_(vector),294,214,508,80,0.0188739808692303,0.000293724050372302,1,1
Electrostatics,Electric_potential_energy,2577,214,2791,2363,0.00150150062664491,0.000285595700583603,1,1
Voltage,Electric_field,6509,2431,8940,4078,0.00122916124144341,0.000522377684437894,1,1
Electrostatics,Coulomb's_law,10702,843,11545,9859,0.00623556837654396,0.000701339866970054,1,1
Crest_(physics),Frequency,133,0,133,133,0.017632241813602,0,1,0
Hooke's_law,Dielectric,44,0,44,44,2.60657175980915E-05,0,0,0
Physics,Motion_(physics),6779,4288,11067,2491,7.18854697663489E-05,0.000895272904778498,1,1
Newton's_law_of_universal_gravitation,Free_fall,279,129,408,150,0.000131832988866491,6.25508528736056E-05,1,1
Gravity,Gravitational_field,1000,5561,6561,4561,9.4678455396743E-05,0.00603812673659934,1,1
Light,Reflection_(physics),510,2652,3162,2142,4.42859105330825E-05,0.00134514409069883,1,1
Magnetism,Magnetic_field,23934,2774,26708,21160,0.00511553010305867,0.000432115160092124,1,1
Resonance_(particle_physics),Scattering,185,0,185,185,0.0239761534473821,0,1,0
Field_(physics),Gravitational_field,1100,1624,2724,524,0.000799159574730865,0.00176333713724822,1,1
Wave,Gravitational_field,935,0,935,935,8.41597793663624E-05,0,1,0
Dielectric,Insulator_(electricity),12830,3775,16605,9055,0.00463963959077149,0.00866427815660884,1,1
Speed,Energy,21,179,200,158,3.63884056835917E-06,6.78239324058354E-06,0,1
Electric_field,Electromagnetic_radiation,139,7352,7491,7213,2.38948584968828E-05,0.000533553915398176,1,1
Contact_force,Friction,995,0,995,995,0.0101517145684756,0,1,0
Sonic_boom,Shock_wave,7445,7747,15192,302,0.00376666985404344,0.00981546122024922,1,1
Physics,Photoelectric_effect,1549,1519,3068,30,1.64258139353997E-05,0.00137056258932567,1,1
Capacitance,Electric_charge,9778,179,9957,9599,0.00615063714260194,0.000571945284966147,1,1
Energy,Distance,10,0,10,10,3.23791248414718E-07,0,0,0
Energy,Gravitational_field,2682,0,2682,2682,8.68408128248274E-05,0,1,0
Refractive_index,Dispersion_(optics),7597,3750,11347,3847,0.00104156369737152,0.00269533448382188,1,1
Electromagnetic_spectrum,Energy,374,0,374,374,2.70263864247184E-05,0,1,0
Electric_potential,Electric_field,9831,4556,14387,5275,0.00312528511749463,0.000979001534471018,1,1
Euclidean_vector,Scalar_(mathematics),248,1063,1311,815,5.88538776874033E-05,0.0094442716893963,1,1
Voltage,Energy,2094,13,2107,2081,0.000395431500934476,4.92576045405508E-07,1,0
Electromagnetic_radiation,Energy_level,647,0,647,647,3.85697571017385E-05,0,1,0
Tension_(physics),Potential_energy,1598,0,1598,1598,0.00537361414222255,0,1,0
Voltage,Ohm's_law,11495,8536,20031,2959,0.00217071876945645,0.0132425057129249,1,1
Field_line,Gravitational_field,62,0,62,62,0.00103317835657985,0,1,0
Magnetism,Voltage,131,0,131,131,2.79992664619657E-05,0,1,0
Electromagnetic_radiation,Frequency,3564,4667,8231,1103,0.000212461536801539,0.00103696685749938,1,1
Electrostatics,Coulomb,608,879,1487,271,0.000354253931315523,0.000218574995468112,1,1
Wavelength,Standing_wave,5259,1281,6540,3978,0.00233266696266713,0.00337239271394686,1,1
Gravitational_field,Force,195,0,195,195,0.000423461044841267,0,1,0
Gravitational_acceleration,Acceleration,1997,2541,4538,544,0.00231708434906406,0.001044990522705,1,1
Physics,Electrostatics,483,1082,1565,599,5.12179995532476E-06,0.000567388977656306,1,1
Physics,Magnetism,620,0,620,620,6.57456723043757E-06,0,1,0
Wavelength,Emission_spectrum,3794,1062,4856,2732,0.00168285576276081,0.00117754938888291,1,1
Electric_potential,Potential_energy,1159,1360,2519,201,0.000368447304564773,0.000367545415506038,1,1
Laser,Physics,80,355,435,275,1.58013142743148E-05,3.5576309404858E-06,1,1
Electric_current,Insulator_(electricity),632,1206,1838,574,0.000136087936924103,0.00276797866407159,1,1
Work_(physics),Kilogram,248,0,248,248,7.1127712676163E-05,0,1,0
Collision,Elastic_collision,8261,2833,11094,5428,0.02781172462319,0.00555914216922319,1,1
Potential_energy,Kinetic_energy,12385,26078,38463,13693,0.00432333143318524,0.0103626284152506,1,1
Physics,Newton's_laws_of_motion,2425,0,2425,2425,2.57150411835663E-05,0,1,0
Mechanical_energy,Velocity,633,0,633,633,0.000955106955381568,0,1,0
Voltage,Electron,43,12,55,31,8.12013110801455E-06,1.52713236992491E-06,0,0
Refraction,Refractive_index,9121,5993,15114,3128,0.00435051582779761,0.00136942009297798,1,1
Wavelength,Amplitude,1531,4430,5961,2899,0.000679085970687083,0.0072855730851524,1,1
Coulomb's_law,Force,235,551,786,316,0.000228094883589107,2.58097698176055E-05,1,1
Potential_energy,Elastic_collision,15,700,715,685,5.23617048831479E-06,0.00137359672377559,0,1
Newton's_law_of_universal_gravitation,Coulomb's_law,3713,3282,6995,431,0.00175446554717306,0.00273048332549907,1,1
Joule,Voltage,2546,4743,7289,2197,0.000497598393925938,0.00105372860634339,1,1
Free_fall,Force,363,66,429,297,0.000176015190644332,3.09155137561155E-06,1,1
Pigment,Subtractive_color,1343,288,1631,1055,0.0023015768286225,0.00649438506291436,1,1
Gravitational_field,Gravity,5561,1000,6561,4561,0.0120762403608322,6.68318527293293E-05,1,1
Velocity,Physics,10,0,10,10,3.04693560545353E-06,0,0,0
Magnetism,Compass,571,967,1538,396,0.000122042604196812,0.00226866960240803,1,1
Gravity,Free_fall,22,684,706,662,2.08292601872835E-06,0.000331664987329816,0,1
Refractive_index,Electromagnetic_spectrum,1056,0,1056,1056,0.000144779684668202,0,1,0
Euclidean_vector,Distance,36,12,48,24,8.54330482559081E-06,3.25242563193275E-06,0,0
Acceleration,Gravitational_field,238,0,238,238,3.91511697398964E-05,0,1,0
Elasticity_(physics),Deformation_(engineering),2549,2860,5409,311,0.00242512232644297,0.00611985937162311,1,1
Wave,Refractive_index,33,138,171,105,2.97034515410691E-06,3.15334511648525E-05,0,1
Real_image,Virtual_image,18930,6022,24952,12908,0.223146925688419,0.0592197779504174,1,1
Electric_potential_energy,Capacitance,2299,81,2380,2218,0.00230111472443175,5.60464036545023E-05,1,1
Acceleration,Equations_of_motion,99,1398,1497,1299,1.62855706060914E-05,0.0015997601504095,1,1
Amplitude,Wave,1419,1294,2713,125,0.00106076723597249,0.000142680076535622,1,1
Position_(vector),Equations_of_motion,191,198,389,7,0.000399310092510322,0.000226575471946409,1,1
Laser,Wavelength,760,0,760,760,0.00015011248560599,0,1,0
Wavelength,Refractive_index,773,1348,2121,575,0.000342869663841356,0.000308022407030589,1,1
Light,Snell's_law,1445,0,1445,1445,0.0001254767465104,0,1,0
Electromagnetic_radiation,Emission_spectrum,119,1879,1998,1760,7.0939738718808E-06,0.00208344190368267,1,1
Joule,Force,3241,274,3515,2967,0.000633431419761966,1.28346223775388E-05,1,1
Snell's_law,Dispersion_(optics),547,440,987,107,0.000533740810778637,0.000316252579435101,1,1
Joule,Ohm,4724,2306,7030,2418,0.000923273689279706,0.00446726940579118,1,1
Kinetic_energy,Collision,80,435,515,355,4.94505426578925E-05,0.000689170049144954,1,1
Physics,Gravity,2075,85,2160,1990,2.20035919405774E-05,5.68070748199299E-06,1,0
Free_fall,Gravity,684,22,706,662,0.000331664987329816,1.47030076004525E-06,1,0
Refraction,Total_internal_reflection,4526,1372,5898,3154,0.00215880217482863,0.00228249730492301,1,1
Distance,Velocity,432,865,1297,433,0.00020224169942951,0.000114375083632648,1,1
Electric_current,Electromotive_force,1242,955,2197,287,0.000267438635537556,0.00103270484322351,1,1
Reflection_(physics),Specular_reflection,15744,2112,17856,13632,0.0168585887356701,0.00618029970942057,1,1
Acceleration,Speed,1222,1769,2991,547,0.000201019871521653,0.000587513820191545,1,1
Mass,Kinetic_energy,994,3705,4699,2711,0.000131276353496844,0.00147225777584567,1,1
Kinetic_energy,Mass,3705,994,4699,2711,0.00229017825684365,0.000109988298528602,1,1
Ohm's_law,Electrical_resistance_and_conductance,24475,10990,35465,13485,0.0474622483628191,0.00581769287981091,1,1
Light,Electromagnetic_radiation,70491,17641,88132,52850,0.00612109435174024,0.00128025362099282,1,1
Electric_potential_energy,Electric_field,3231,465,3696,2766,0.00323397202028664,9.99200424778365E-05,1,1
Hertz,Electromagnetic_spectrum,2135,49095,51230,46960,0.00138549365430927,0.00217443066190387,1,1
Motion_(physics),Equations_of_motion,103,445,548,342,1.764506556598E-05,0.000509222651596728,1,1
Mass,Gravitational_field,1223,178,1401,1045,0.000161520100932234,0.000193272173910211,1,1
Electric_field,Euclidean_vector,109,179,288,70,1.87376947925196E-05,4.42491767551906E-05,1,1
Work_(physics),Distance,293,0,293,293,8.403395086337E-05,0,1,0
Magnetic_field,Euclidean_vector,231,204,435,27,1.40423952678952E-05,5.04292293746306E-05,1,1
Real_image,Ray_(optics),254,0,254,254,0.00299415314975481,0,1,0
Gravitational_field,Kilogram,389,30,419,359,0.000844750494580784,5.1249374330555E-06,1,0
Joule,Metre,4639,36,4675,4603,0.000906661017055156,7.71563429693747E-06,1,0
Physics,Work_(physics),166,5650,5816,5484,1.76028735524619E-06,0.00169410669753839,1,1
Projectile_motion,Displacement_(vector),826,0,826,826,0.00113290824129025,0,1,0
Energy,Force,5000,2656,7656,2344,0.000161895624207359,0.00012441152202461,1,1
Intensity_(physics),Kinetic_energy,453,0,453,453,0.000556200158388125,0,1,0
Lever,Torque,5443,5246,10689,197,0.00617012449073518,0.00143177442047388,1,1
Euclidean_vector,Length,281,0,281,281,6.66852404441949E-05,0,1,0
Electrical_conductor,Dielectric,362,2562,2924,2200,0.000474754720989798,0.00115810167156291,1,1
Interference_(wave_propagation),Amplitude,403,0,403,403,0.00150737040541905,0,1,0
Mechanical_energy,Work_(physics),106,0,106,106,0.000159938921438304,0,1,0
Series_and_parallel_circuits,Electrical_resistance_and_conductance,2262,1870,4132,392,0.00886249035195292,0.000989907705663913,1,1
Mechanical_energy,Potential_energy,7653,572,8225,7081,0.0115472883562956,0.000154585277698128,1,1
Euclidean_vector,Acceleration,894,2594,3488,1700,0.000212158736502172,0.00106678686182478,1,1
Magnet,Electric_current,845,0,845,845,0.000115571344379218,0,1,0
Gravitational_constant,Distance,130,0,130,130,0.000150813639585564,0,1,0
Magnetism,Velocity,12,0,12,12,2.56481830185945E-06,0,0,0
Force,Deformation_(engineering),1168,1235,2403,67,6.79172156593142E-05,0.00264266654683725,1,1
Work_(physics),Mass,20,0,20,20,5.73610586098089E-06,0,0,0
Ray_(optics),Geometrical_optics,840,1246,2086,406,0.00426827099455795,0.00549816654237692,1,1
Wave,Diffraction,1161,1997,3158,836,0.000104502143149034,0.00149678046045674,1,1
Gravitational_acceleration,Free_fall,159,126,285,33,0.000184484933150318,6.1096181876545E-05,1,1
Velocity,Distance,865,432,1297,433,0.00026355992987173,0.000117087322749579,1,1
Wavelength,Electromagnetic_spectrum,6322,14202,20524,7880,0.00280416819509062,0.000629010372957709,1,1
Wavelength,Light,5661,8297,13958,2636,0.00251097693014995,0.0008721490648548,1,1
Frequency,Standing_wave,10,47,57,37,3.51802866560117E-06,0.000123733378263468,0,1
Geometrical_optics,Ray_(optics),1246,840,2086,406,0.00494835207167565,0.00284551881599317,1,1
Physics,Energy_level,563,0,563,563,5.97013121086509E-06,0,1,0
Gravity,Le_Sage's_theory_of_gravitation,1660,0,1660,1660,0.000157166235958593,0,1,0
Motion_(physics),Planet,323,0,323,323,5.5333555124384E-05,0,1,0
Electromagnetic_radiation,Power_(physics),1102,0,1102,1102,6.56937748471651E-05,0,1,0
Refracting_telescope,Telescope,783,15701,16484,14918,0.00243473934607192,0.0146385487689019,1,1
Electron,Electric_field,1872,1172,3044,700,8.24651548377994E-05,0.000251841483406504,1,1
Force,Distance,118,23,141,95,6.86149952722524E-06,6.23381579453777E-06,1,0
Ohm,Ohm's_law,2803,3520,6323,717,0.00232717816985661,0.00546082709811338,1,1
Newton's_law_of_universal_gravitation,Force,1403,477,1880,926,0.00066294510171931,2.23434849419198E-05,1,1
Coulomb's_law,Electrostatics,843,10702,11545,9859,0.000818229731343052,0.00561201186587596,1,1
Magnet,Torque,308,0,308,308,4.21254130991707E-05,0,1,0
Physics,Free_fall,1346,0,1346,1346,1.42731733744661E-05,0,1,0
Amplitude,Displacement_(vector),308,0,308,308,0.000230244051218836,0,1,0
Refractive_index,Ray_(optics),281,45,326,236,3.85256547270498E-05,0.000152438507999634,1,1
Distance,Speed,665,3485,4150,2820,0.000311321134538482,0.00115742547392173,1,1
Mirror_image,Geometrical_optics,332,0,332,332,0.00169788837918143,0,1,0
Force,Contact_force,377,912,1289,535,2.19219095064739E-05,0.00465246779747481,1,1
Electric_current,Dielectric,12,0,12,12,2.58394816944499E-06,0,0,0
Refraction,Dispersion_(optics),3763,2042,5805,1721,0.00179486800350865,0.00146769947092381,1,1
Wave,Amplitude,1294,1419,2713,125,0.000116473534224677,0.00233368582569554,1,1
Gravitational_field,Physics,497,0,497,497,0.00107928276556979,0,1,0
Mechanical_energy,Kinetic_energy,6630,588,7218,6042,0.0100037268786411,0.000233653865640285,1,1
Plasticity_(physics),Deformation_(engineering),3572,4403,7975,831,0.0103364257727723,0.00942158769694285,1,1
Position_(vector),Velocity,291,3641,3932,3350,0.000608372968170177,0.00048143315549881,1,1
Deformation_(engineering),Hooke's_law,929,0,929,929,0.00220875990851121,0,1,0
Speed,Acceleration,1769,1222,2991,547,0.000306528998353685,0.000502549554799492,1,1
Electric_potential,Coulomb,1585,0,1585,1585,0.000503873147312481,0,1,0
Photoelectric_effect,Energy,1070,0,1070,1070,0.000337903878031227,0,1,0
Electric_field,Electromotive_force,11,474,485,463,1.89096002493317E-06,0.000512567639463815,0,1
Velocity,Acceleration,19640,22242,41882,2602,0.00598418152911073,0.00914705990004117,1,1
Interference_(wave_propagation),Physics,66,0,66,66,0.000246864632152996,0,1,0
Energy,Velocity,59,123,182,64,1.91036836564684E-06,1.62637402159719E-05,0,1
Electron,Light,153,112,265,41,6.73994053962783E-06,1.17730137716931E-05,1,1
Intensity_(physics),Electromagnetic_radiation,223,308,531,85,0.000273802726976935,2.23523675112402E-05,1,1
Geometrical_optics,Total_internal_reflection,186,0,186,186,0.000738678559656236,0,1,0
Plasticity_(physics),Physics,314,0,314,314,0.000908633172634515,0,1,0
Electrical_resistance_and_conductance,Electric_current,5724,5923,11647,199,0.00279698820466487,0.000872637888720179,1,1
Pigment,Light,1132,0,1132,1132,0.00193997391660511,0,1,0
Force,Work_(physics),1523,17076,18599,15553,8.85598625420681E-05,0.00512010017117974,1,1
Motion_(physics),Non-inertial_reference_frame,69,0,69,69,1.18204808160449E-05,0,0,0
Color,Pigment,43,3875,3918,3832,5.41123498224989E-05,0.0265631105231048,0,1
Elasticity_(physics),Physics,1100,0,1100,1100,0.00104654160811584,0,1,0
Gravitational_constant,Force,1086,442,1528,644,0.0012598739429994,2.07040258790955E-05,1,1
Equations_of_motion,Physics,318,0,318,318,0.000485191734651997,0,1,0
Electromagnetic_radiation,Refraction,501,541,1042,40,2.98662261328763E-05,0.000331772184735168,1,1
Light,Emission_spectrum,157,547,704,390,1.3633113634694E-05,0.000606515551524439,1,1
Magnetic_field,Electromotive_force,456,94,550,362,2.77200529963645E-05,0.000101648434830377,1,1
Electromotive_force,Ohm's_law,215,687,902,472,0.00017778939151374,0.00106579210693292,1,1
Voltmeter,Electric_potential,3952,28,3980,3924,0.0194644325911041,1.1868304210069E-05,1,0
Electric_potential_energy,Joule,2061,0,2061,2061,0.00206289580124134,0,1,0
Dispersion_(optics),Wavelength,730,47,777,683,0.000858586155592277,8.01815036283836E-06,1,0
Friction,Kinetic_energy,2288,1522,3810,766,0.000501615121766632,0.000604797931130126,1,1
Transverse_wave,Ray_(optics),202,0,202,202,0.000673117935593943,0,1,0
Magnetic_field,Field_line,2415,642,3057,1773,0.000146806859618904,0.0142644477525718,1,1
Frame_of_reference,Physics,722,377,1099,345,0.00192301033684642,3.77810384383984E-06,1,1
Gravitational_constant,Gravity,5633,23592,29225,17959,0.00653487101373448,0.00157669706959034,1,1
Strength_of_materials,Plasticity_(physics),421,0,421,421,0.000534502722028114,0,1,0
Newton's_law_of_universal_gravitation,Gravity,1674,36083,37757,34409,0.000790997933198949,0.00241149374203239,1,1
Photoelectric_effect,Electron,2573,94,2667,2479,0.000812548297359202,1.19625368977451E-05,1,1
Newton's_laws_of_motion,Equations_of_motion,35,3332,3367,3297,1.27052533681627E-05,0.00381287612386584,0,1
Electrical_resistance_and_conductance,Voltage,5277,665,5942,4612,0.00257856512159618,0.000147739726590418,1,1
Motion_(physics),Frame_of_reference,5960,0,5960,5960,0.0010210154444004,0,1,0
Velocity,Motion_(physics),2521,5973,8494,3452,0.000768132466134834,0.00124707673979524,1,1
Gravitational_field,Field_(physics),1624,1100,2724,524,0.00352667044524214,0.000386690261803369,1,1
Velocity,Motion_graphs_and_derivatives,1316,366,1682,950,0.000400976725677684,0.0268525311812179,1,1
Frequency,Electromagnetic_spectrum,72,14278,14350,14206,2.53298063923284E-05,0.000632376433255188,0,1
Joule,Kinetic_energy,2193,16097,18290,13904,0.000428606943393394,0.0063964732571627,1,1
Power_(physics),Force,7896,500,8396,7396,0.00452876678858471,2.34208437546329E-05,1,1
Standing_wave,Interference_(wave_propagation),158,0,158,158,0.000249573119395464,0,1,0
Newton's_laws_of_motion,Inertial_frame_of_reference,28468,2839,31307,25629,0.0103340900824244,0.00212191718468901,1,1
Friction,Gravity,905,806,1711,99,0.000198409827447029,5.38664732998394E-05,1,1
Electron,Coulomb's_law,1875,39,1914,1836,8.25973105346548E-05,3.24463283651626E-05,1,0
Electric_field,Magnetism,1776,34,1810,1742,0.0003053040912983,1.72590847507357E-05,1,0
Reflection_(physics),Mirror_image,265,1209,1474,944,0.000283760544648919,0.00549597916164725,1,1
Energy_level,Electron,1095,0,1095,1095,0.00204634265306923,0,1,0
Euclidean_vector,Torque,24,2044,2068,2020,5.69553655039387E-06,0.000557862545834658,0,1
Force,Hooke's_law,869,536,1405,333,5.05308736369384E-05,0.000692787513280582,1,1
Light,Laser,783,4616,5399,3833,6.79918979360855E-05,0.000586115934392092,1,1
Electromotive_force,Electric_field,474,11,485,463,0.000391963588732618,2.36369992958323E-06,1,0
Work_(physics),Physics,5650,166,5816,5484,0.0016204499057271,1.66356827076237E-06,1,1
Gravity,Newton's_law_of_universal_gravitation,36083,1674,37757,34409,0.00341628270608068,0.00134469604166148,1,1
Temperature,Mass,114,76,190,38,3.00023212322217E-05,8.40956809675429E-06,1,1
Wavelength,Wave,2441,5815,8256,3374,0.00108272296175517,0.000641178241927853,1,1
Mass,Length,270,468,738,198,3.56585668452192E-05,0.000153735728938944,1,1
Newton's_laws_of_motion,Gravitational_field,28,306,334,278,1.01642026945301E-05,0.00033225441132879,0,1
Electromotive_force,Work_(physics),605,0,605,605,0.000500291078445641,0,1,0
Equations_of_motion,Distance,163,0,163,163,0.000248698908013445,0,1,0
Specular_reflection,Total_internal_reflection,477,0,477,477,0.000897323267761639,0,1,0
Light,Refraction,3259,1626,4885,1633,0.000282995651818267,0.000997156326024738,1,1
Electromagnetic_spectrum,Electron,62,0,62,62,4.48031004901748E-06,0,0,0
Acceleration,Euclidean_vector,2594,894,3488,1700,0.000426714850022232,0.000220998681671175,1,1
Electromotive_force,Magnetism,11,10,21,1,9.09620142628438E-06,5.0762013972752E-06,0,0
Magnetism,Magnet,6624,40639,47263,34015,0.00141577970262642,0.0106889013911432,1,1
Electromagnetic_radiation,Wavelength,4823,4481,9304,342,0.000287514588101522,0.000764453867571887,1,1
Amplitude,Electromagnetic_radiation,446,0,446,446,0.000333405346894808,0,1,0
Geometrical_optics,Light,329,0,329,329,0.00130658734476829,0,1,0
Force,Newton's_law_of_universal_gravitation,477,1403,1880,926,2.77367396142919E-05,0.00112700630014997,1,1
Plasticity_(physics),Fracture,336,580,916,244,0.000972295369443303,0.00425101511309166,1,1
Plane_mirror,Real_image,939,0,939,939,0.00767677428321493,0,1,0
Electric_field,Gravitational_field,10,11,21,1,1.71905456812106E-06,1.19437860281591E-05,0,0
Force,Gravitational_constant,442,1086,1528,644,2.57015490765556E-05,0.0012598739429994,1,1
Fatigue_(material),Elasticity_(physics),12,0,12,12,2.49775722216093E-05,0,0,0
Elasticity_(physics),Displacement_(vector),25,0,25,25,2.37850365480872E-05,0,0,0
Amplitude,Sound_intensity,361,0,361,361,0.000269863969123376,0,1,0
Hooke's_law,Potential_energy,32,1297,1329,1265,1.89568855258847E-05,0.000350519414640685,0,1
Electric_field,Field_line,965,331,1296,634,0.000165888765823682,0.00735441153598329,1,1
Geometrical_optics,Refraction,687,820,1507,133,0.00272834500260126,0.000502870963923914,1,1
Force,Newton's_laws_of_motion,22855,9428,32283,13427,0.0013289794211418,0.0111228957281615,1,1
Wavelength,Physics,2198,0,2198,2198,0.000974938578426002,0,1,0
Electric_field,Metre,686,0,686,686,0.000117927143373105,0,1,0
Electromotive_force,Electric_current,955,1242,2197,287,0.000789715669281962,0.000182984342021013,1,1
Motion_(physics),Potential_energy,73,0,73,73,1.25057260807431E-05,0,0,0
Speed,Inertial_frame_of_reference,46,0,46,46,7.97079362592962E-06,0,0,0
Emission_spectrum,Absorption_spectroscopy,6093,1709,7802,4384,0.00568921374375102,0.00288424701575788,1,1
Photoelectric_effect,Frequency,2199,0,2199,2199,0.000694439839056699,0,1,0
Acceleration,Friction,153,136,289,17,2.51686091185048E-05,0.000144111915618235,1,1
Hooke's_law,Force,536,869,1405,333,0.000317527832558569,4.0705426445552E-05,1,1
Speed,Displacement_(vector),20,1732,1752,1712,3.46556244605635E-06,0.0023772432488076,0,1
Reflection_(physics),Light,2652,510,3162,2142,0.0028397470355054,5.36092591389596E-05,1,1
Acceleration,Newton's_laws_of_motion,17104,8995,26099,8109,0.00281362019845037,0.0106120542081897,1,1
Series_and_parallel_circuits,Voltage,3578,146,3724,3432,0.0140185634302774,3.24360903491745E-05,1,1
Contact_force,Normal_force,1358,4172,5530,2814,0.0138553049085325,0.0212452832110321,1,1
Electric_potential,Energy,239,0,239,239,7.59783483960144E-05,0,1,0
Force,Metre,900,0,900,900,5.2333470970362E-05,0,1,0
Wave,Field_(physics),5330,25,5355,5305,0.000479755747617873,8.78841504098565E-06,1,0
Sound,Sonic_boom,11,700,711,689,1.67142516345778E-05,0.00077913607166271,0,1
Insulator_(electricity),Electric_current,1206,632,1838,574,0.00332157287216902,9.31128052796139E-05,1,1
Magnetic_field,Tangential_and_normal_components,129,0,129,129,7.84185709765574E-06,0,1,0
Torque,Force,8844,4762,13606,4082,0.0035109309683643,0.000223060115919124,1,1
Wave,Electric_field,189,0,189,189,1.70119767917032E-05,0,1,0
Gravitational_field,Gravity_of_Earth,924,114,1038,810,0.00200655387401708,7.47338589614747E-05,1,1
Friction,Energy,66,263,329,197,1.44696669740375E-05,9.96519230320374E-06,1,1
Joule,Mass,270,0,270,270,5.2769664713277E-05,0,1,0
Field_(physics),Electromagnetic_radiation,72,0,72,72,5.23086267096566E-05,0,1,0
Electron,Telescope,440,0,440,440,1.9382835538799E-05,0,1,0
Electron,Coulomb,4273,2407,6680,1866,0.000188233764221109,0.000598532439239757,1,1
Electron,Electric_current,305,8540,8845,8235,1.34358291803038E-05,0.00125820151437959,1,1
Euclidean_vector,Physics,2564,0,2564,2564,0.000608473154800412,0,1,0
Projectile_motion,Acceleration,961,0,961,961,0.00131806878920089,0,1,0
Standing_wave,Wavelength,1281,5259,6540,3978,0.0020234377591493,0.000897179845918446,1,1
Gravity_of_Earth,Metre,429,0,429,429,0.00020722605464295,0,1,0
Series_and_parallel_circuits,Electric_current,2745,448,3193,2297,0.0107548788753805,6.60040138690934E-05,1,1
Electrical_resistance_and_conductance,Ohmmeter,1806,1162,2968,644,0.000882487892666799,0.0663582890754383,1,1
Work_(physics),Metre,763,0,763,763,0.000218832438596421,0,1,0
Electrical_conductor,Electric_field,270,153,423,117,0.000354098825047639,3.28769172023849E-05,1,1
Deformation_(engineering),Force,1235,1168,2403,67,0.00293629546502836,5.47110910108225E-05,1,1
Mechanical_energy,Energy,1808,10811,12619,9003,0.00272801481094767,0.000409633817452227,1,1
Euclidean_vector,Displacement_(vector),903,5760,6663,4857,0.000214294562708569,0.00790584359880589,1,1
Magnification,Optical_microscope,910,798,1708,112,0.0074139855468018,0.000806866657701482,1,1
Wave,Standing_wave,5108,3815,8923,1293,0.000459773425672063,0.0100434646398964,1,1
Electromagnetic_radiation,Diffraction,200,768,968,568,1.19226451628249E-05,0.00057562713752167,1,1
Electron,Physics,675,27,702,648,2.97350317924757E-05,2.7058038138906E-07,1,0
Intensity_(physics),Electric_field,675,0,675,675,0.000828775070445881,0,1,0
Velocity,Relative_velocity,633,0,633,633,0.000192871023825208,0,1,0
Plane_mirror,Geometrical_optics,1216,0,1216,1216,0.00994138181937098,0,1,0
Strength_of_materials,Fracture,151,0,151,151,0.000191710002437637,0,1,0
Electric_potential_energy,Coulomb's_law,6250,472,6722,5778,0.00625574903336166,0.000392683768932225,1,1
Gravity_of_Earth,Gravitational_acceleration,8231,6561,14792,1670,0.00397593859152943,0.0085641896522242,1,1
Standing_wave,Laser,22,0,22,22,3.47506875107609E-05,0,0,0
Motion_(physics),Kinetic_energy,361,2329,2690,1968,6.18433851390174E-05,0.000925475940605823,1,1
Speed,Force,267,466,733,199,4.62652586548523E-05,2.18282263793179E-05,1,1
Hooke's_law,Displacement_(vector),43,0,43,43,2.54733149254076E-05,0,0,0
Electric_current,Electrical_conductor,2573,9431,12004,6858,0.000554041553331829,0.0340134091671385,1,1
Stiffness,Length,45,0,45,45,0.000115938743120968,0,0,0
Mass,Frequency,13,0,13,13,1.71689395921426E-06,0,0,0
Dispersion_(optics),Color,30,0,30,30,3.52843625585867E-05,0,0,0
Standing_wave,Wave,3815,5108,8923,1293,0.00602608512970694,0.000563222435041697,1,1
Magnet,Magnetic_field,27769,18414,46183,9355,0.00379798894919114,0.00286840971807368,1,1
Relative_velocity,Doppler_effect,1016,532,1548,484,0.0152660285787267,0.000303528057232155,1,1
Curved_mirror,Plane_mirror,108,1889,1997,1781,0.000546390031417427,0.0115826327955901,1,1
Acceleration,Mass,820,7064,7884,6244,0.00013489058481813,0.000781647224150952,1,1
Capacitance,Dielectric,4222,645,4867,3577,0.00265575680262481,0.000291559554316189,1,1
Specular_reflection,Reflection_(physics),2112,15744,17856,13632,0.00397305396543518,0.00798565179636588,1,1
Energy,Metre,1840,0,1840,1840,5.95775897083081E-05,0,1,0
Voltage,Capacitance,377,4416,4793,4039,7.11927773888718E-05,0.00305556689553435,1,1
Motion_graphs_and_derivatives,Velocity,366,1316,1682,950,0.0234961802657765,0.000174008797757878,1,1
Electromagnetic_spectrum,Light,80438,35889,116327,44549,0.00581269644714304,0.0037725151004669,1,1
Stiffness,Force,666,0,666,666,0.00171589339819033,0,1,0
Voltage,Series_and_parallel_circuits,146,3578,3724,3432,2.75706777155843E-05,0.0140185634302774,1,1
Magnetic_field,Work_(physics),14,20,34,6,8.51054258660313E-07,5.99683786739252E-06,0,0
Mass,Force,3832,11220,15052,7388,0.000506087511669926,0.000525563733853963,1,1
Hertz,Musical_tone,3654,0,3654,3654,0.00237123831983423,0,1,0
Refraction,Wavelength,866,399,1265,467,0.000413062899558462,6.8068978612181E-05,1,1
Equations_of_motion,Euclidean_vector,632,0,632,632,0.000964280428616548,0,1,0
Refraction,Physics,1121,0,1121,1121,0.000534692275294498,0,1,0
Force,Friction,3558,5313,8871,1755,0.000206891655236164,0.00562990152705648,1,1
Frequency,Hertz,15488,16993,32481,1505,0.0054487227972831,0.00593788164421281,1,1
Electric_field,Electrostatics,2999,2805,5804,194,0.000515544464979506,0.00147091135150272,1,1
Motion_(physics),Physics,4288,6779,11067,2491,0.000734582923756528,6.79357187198682E-05,1,1
Magnetic_field,Electron,52,1439,1491,1387,3.16105867502402E-06,0.000183128623360162,0,1
Energy_level,Frequency,25,0,25,25,4.67201518965578E-05,0,0,0
Electric_potential,Work_(physics),7474,0,7474,7474,0.00237599236783185,0,1,0
Equations_of_motion,Acceleration,1398,99,1497,1299,0.00213301272026255,4.0713916469026E-05,1,1
Physics,Mass,146,2128,2274,1982,1.54820454136111E-06,0.00023546790670912,1,1
Field_(physics),Electric_field,2360,0,2360,2360,0.00171456054214986,0,1,0
Electromagnetic_spectrum,Frequency,14278,72,14350,14206,0.00103177204644954,1.59977745318096E-05,1,0
Euclidean_vector,Velocity,1353,4182,5535,2829,0.000321085873028454,0.000552967167343044,1,1
Hertz,Electromagnetic_radiation,11875,81,11956,11794,0.00770620006787945,5.87838236496902E-06,1,0
Electromagnetic_radiation,Absorption_spectroscopy,260,896,1156,636,1.54994387116723E-05,0.00151216227391402,1,1
