A,B,weight,backwardweight,SUM,Diff,Normalized_weight,Normalized_backward_weight,Weight_greater_than_mean,Backward_weight_greater_than_mean
Universal_quantification,Existential_quantification,7287,6858,14145,429,0.237958397283088,0.222640651884557,1,1
Square_root,Set_(mathematics),67,0,67,67,2.13844551607872E-05,0,1,0
Addition,Multiplication,6687,3225,9912,3462,0.00200426269238989,0.000992052200710156,1,1
Descartes'_rule_of_signs,Rational_root_theorem,726,1680,2406,954,0.00801138808885358,0.00478064521636688,1,1
Triangular_matrix,Matrix_(mathematics),571,2398,2969,1827,0.00787445009860301,0.000617568351656502,1,1
Inverse_trigonometric_functions,Trigonometry,701,2667,3368,1966,0.000764170123237421,0.000739873758173081,1,1
Secant_line,Slope,89,635,724,546,0.000577730751504372,0.000983585735373615,1,1
Number,Quadratic_formula,101,0,101,101,3.22984938540763E-06,0,0,0
Trigonometric_functions,Trigonometric_substitution,459,0,459,459,0.000219267131856935,0,1,0
Unit_circle,Complex_number,684,0,684,684,0.000811213725166957,0,1,0
Polynomial_long_division,Degree_of_a_polynomial,88,0,88,88,0.000244464137388845,0,1,0
Logarithm,E_(mathematical_constant),13875,3626,17501,10249,0.00166075159812181,0.000922970171976375,1,1
Commutative_property,Subtraction,645,172,817,473,0.00254934665581053,0.00044910375079964,1,1
Determinant,Minor_(linear_algebra),7665,3491,11156,4174,0.00380233606797277,0.0201965854984929,1,1
Inverse_trigonometric_functions,Geometry,430,0,430,430,0.000468749148348204,0,1,0
Number,Exponentiation,1553,0,1553,1553,4.96629316389906E-05,0,1,0
Secant_line,Derivative,366,2107,2473,1741,0.00237583657360225,0.00138428900958622,1,1
Amplitude,Sine_wave,1993,4221,6214,2228,0.00546280332537531,0.00367774870546905,1,1
Polynomial,Mathematics,2422,449,2871,1973,0.000309097273882008,1.71608029419686E-06,1,1
Interval_(mathematics),Real_number,1721,11,1732,1710,0.00619100379877979,5.81924955909927E-07,1,0
Common_logarithm,Mathematics,23,0,23,23,0.000122303344198833,0,0,0
Addition,Number,17,644,661,627,5.09532911180321E-06,2.08583164844668E-05,0,1
Perpendicular,Parallel_(geometry),699,865,1564,166,0.00148903672744237,0.00762322748944646,1,1
Limit_of_a_function,Calculus,2708,5551,8259,2843,0.0157767485216581,0.000579504741112964,1,1
Logarithm,Scientific_notation,1820,0,1820,1820,0.000217842732150032,0,1,0
Force,Work_(physics),1523,17076,18599,15553,0.00102729377229288,0.0281605129448317,1,1
Geometry,Trigonometry,2645,4885,7530,2240,0.000125075222461297,0.00135518684239801,1,1
Equation,Parametric_equation,1662,0,1662,1662,0.000684614947343966,0,1,0
Complex_number,Number,6977,13413,20390,6436,0.000641428680568241,0.000434429501562349,1,1
Binomial,Binomial_coefficient,15916,0,15916,15916,0.0160291497682138,0,1,0
Quadratic_function,Graph_of_a_function,310,0,310,310,0.00147988313697034,0,1,0
Mathematics,Analytic_geometry,804,0,804,804,3.13198618686576E-06,0,1,0
Number,Algebra,11,328,339,317,3.51765774648356E-07,5.80929810041266E-05,0,1
Degree_(angle),Minute_and_second_of_arc,3878,4094,7972,216,0.0106736099260719,0.0589259755026843,1,1
Geometry,Mathematics,17949,21071,39020,3122,0.000848761878244922,8.0533469663746E-05,1,1
Angle,Right_angle,4573,3786,8359,787,0.00352619586464281,0.033680577177984,1,1
Circle,Eccentricity_(mathematics),1877,1302,3179,575,0.000410763356757276,0.00363628239000385,1,1
Degree_of_a_polynomial,Polynomial,6533,5223,11756,1310,0.0080972111534033,0.00126964325042285,1,1
Position_(vector),Euclidean_vector,3778,862,4640,2916,0.0579207996688488,0.00255705161862554,1,1
Monotonic_function,Mathematics,88,0,88,88,0.00125397209912079,0,1,0
Periodic_function,Mathematics,486,0,486,486,0.00383347268453517,0,1,0
Exponential_growth,Function_(mathematics),257,0,257,257,0.000247626352068788,0,1,0
Algebraic_operation,Algebra,179,0,179,179,0.0106408274878136,0,1,0
Function_(mathematics),Domain_of_a_function,12309,4390,16699,7919,0.00139517945040879,0.00551152335241233,1,1
Basis_(linear_algebra),Mathematics,188,0,188,188,0.000938878040741314,0,1,0
Parallel_(geometry),Line_(geometry),1745,569,2314,1176,0.0153786496752417,0.000246852736074078,1,1
Polynomial,Addition,1738,0,1738,1738,0.00022180473245538,0,1,0
Matrix_(mathematics),Square_matrix,4439,7080,11519,2641,0.00123846316736885,0.0637516208039187,1,1
Negative_number,Subtraction,312,1952,2264,1640,0.00126538640926328,0.00509680535791219,1,1
Radius,Line_segment,1065,0,1065,1065,0.00180307996532669,0,1,0
Linear_equation,Line_(geometry),2461,4140,6601,1679,0.00214089917765461,0.00179608141888697,1,1
Natural_logarithm,E_(mathematical_constant),58509,55469,113978,3040,0.0201638013774755,0.0141192036595029,1,1
Zero_of_a_function,Graph_of_a_function,11,0,11,11,6.15663601408191E-05,0,0,0
Circle,Conic_section,446,6622,7068,6176,9.76028008064705E-05,0.00449881245482165,1,1
Imaginary_number,Real_number,3832,18681,22513,14849,0.00593680524892907,0.000988267281941213,1,1
Binary_number,Number,3570,11,3581,3559,0.017488769466666,3.56275592125986E-07,1,0
Distance,Cartesian_coordinate_system,133,0,133,133,0.00102735228914174,0,1,0
Right_angle,Angle,3786,4573,8359,787,0.033680577177984,0.00325495022196725,1,1
Symmetry,Geometry,520,1117,1637,597,0.00191625239992188,4.55844241491506E-05,1,1
Binary_logarithm,Common_logarithm,195,1503,1698,1308,0.0014405921942066,0.0053281812219721,1,1
Ellipse,Curve,1262,0,1262,1262,0.00213192601439641,0,1,0
Binomial_coefficient,Binomial_theorem,23289,38425,61714,15136,0.0167782019536746,0.027576273424582,1,1
Linear_equation,Graph_of_a_function,266,0,266,266,0.000231401536471405,0,1,0
Geometry,Line_(geometry),3184,89,3273,3095,0.000150563141140556,3.86114121451546E-05,1,1
Triangle,Geometry,2541,1832,4373,709,0.00122277449988234,7.4763352767452E-05,1,1
Equation,Algebraic_equation,6685,2168,8853,4517,0.00275370091636246,0.0125010811590025,1,1
Polynomial,Integer,3843,0,3843,3843,0.000490446252489082,0,1,0
Vector_(mathematics_and_physics),Position_(vector),1196,0,1196,1196,0.00126774283476202,0,1,0
Law_of_sines,Spherical_law_of_cosines,175,60,235,115,0.000172355209313091,0.000921644828804473,1,1
Partial_fraction_decomposition,Polynomial_long_division,2813,0,2813,2813,0.00689738031954021,0,1,0
Cartesian_coordinate_system,Perpendicular,3957,212,4169,3745,0.00230166398032563,0.00058709336169105,1,1
Polynomial,Fundamental_theorem_of_algebra,1184,2827,4011,1643,0.000151102878726795,0.00225530139426609,1,1
Domain_of_a_function,Cartesian_coordinate_system,1320,0,1320,1320,0.00662886872328993,0,1,0
Algebraic_expression,Subtraction,456,0,456,456,0.000551971907535022,0,1,0
Equality_(mathematics),Identity_(mathematics),964,1179,2143,215,0.00260179804757188,0.00697761127780836,1,1
Division_(mathematics),Real_number,594,0,594,594,0.000516702809767249,0,1,0
Multiplication,Commutative_property,2521,1471,3992,1050,0.0005368795351786,0.00415292709368507,1,1
Linear_function,Derivative,363,734,1097,371,0.000662106703146375,0.000482234519713471,1,1
Logarithm,Natural_number,844,0,844,844,0.000101021574689356,0,1,0
Cone,Geometry,212,92,304,120,0.000350218142951777,3.7544915145227E-06,1,1
Linear_equation,Complex_number,93,0,93,93,8.09035447061679E-05,0,1,0
Norm_(mathematics),Vector_(mathematics_and_physics),1123,163,1286,960,0.00542148026204626,0.000106324757556722,1,1
Empty_sum,Summation,154,801,955,647,0.0128376125375125,0.00117560897572316,1,1
Graph_of_a_function,Vertical_line_test,1036,815,1851,221,0.00405744655019132,0.0108607294678909,1,1
Integer,Rational_number,25152,32864,58016,7712,0.00307458321318149,0.00639942548487857,1,1
Trigonometric_tables,Trigonometry,11,6249,6260,6238,0.000390306212965263,0.0017335849699376,0,1
Associative_property,Real_number,568,0,568,568,0.000633418867183884,0,1,0
Product_(mathematics),Arithmetic,232,0,232,232,0.000959185023483495,0,1,0
Equality_(mathematics),Equation,341,2717,3058,2376,0.000920345574919099,0.00128499932368457,1,1
Trigonometry,Mathematics,4144,6163,10307,2019,0.00114962011768626,2.35550174902789E-05,1,1
Trigonometry,Trigonometric_tables,6249,11,6260,6238,0.0017335849699376,0.000390306212965263,1,0
Injective_function,Inverse_function,1625,1443,3068,182,0.00490954354840659,0.00414406290474973,1,1
Number,Division_by_zero,34,0,34,34,1.08727603073128E-06,0,0,0
Function_(mathematics),Inverse_trigonometric_functions,555,0,555,555,6.29071894529919E-05,0,1,0
Line_(geometry),Analytic_geometry,1681,876,2557,805,0.000573004565288604,0.000574576561342935,1,1
Rational_number,Multiplicative_inverse,250,985,1235,735,8.11351916753995E-05,0.00143485398721887,1,1
Zero_(complex_analysis),Complex_number,44,29,73,15,0.0307262569832402,4.26577169795806E-06,1,0
Even_and_odd_functions,Sine,699,2327,3026,1628,0.00413279333077128,0.000779815022648818,1,1
Rotation_of_axes,Conic_section,727,23,750,704,0.0111899521310163,1.56255944519628E-05,1,0
Set_(mathematics),Natural_number,2080,476,2556,1604,0.000500167243422019,0.000170614394621776,1,1
Law_of_sines,Triangle,545,1937,2482,1392,0.000536763366146482,0.000847380884364663,1,1
Division_(mathematics),Arithmetic,3069,2940,6009,129,0.00266963118379745,0.000405394001602823,1,1
Geometry,Conic_section,77,0,77,77,3.64113123989409E-06,0,1,0
Area,Geometry,316,4020,4336,3704,0.00204294054137924,0.000164054955308492,1,1
Line_(geometry),Cartesian_coordinate_system,1263,0,1263,1263,0.000430520384270974,0,1,0
Linear_function,Real_number,21,0,21,21,3.83036935704514E-05,0,0,0
Simple_harmonic_motion,Force,10,0,10,10,4.37922321338641E-05,0,0,0
Polynomial,Polynomial_long_division,603,1878,2481,1275,7.69552667840011E-05,0.00423888534018296,1,1
Secant_line,Circle,2966,1855,4821,1111,0.0192533641456401,0.000451054287726922,1,1
Unit_circle,Cartesian_coordinate_system,2009,148,2157,1861,0.00238264382143336,4.09938232279866E-05,1,1
Exponentiation,Addition,789,21,810,768,0.000205857251954405,1.02572618972027E-05,1,0
Set_(mathematics),Open_set,11,336,347,325,2.64511522963568E-06,0.00310556135794367,0,1
Floor_and_ceiling_functions,Function_(mathematics),495,0,495,495,0.00121293503323932,0,1,0
Dot_product,Mathematics,560,0,560,560,0.000451752800867365,0,1,0
Logarithm,Common_logarithm,14950,5596,20546,9354,0.00178942244266098,0.0198379920945814,1,1
Function_composition,Commutative_property,407,13,420,394,0.00104663841342989,3.67015990604391E-05,1,0
Graph_of_a_function,Function_(mathematics),2797,8065,10862,5268,0.0109543223946768,0.000765324689829988,1,1
Line_segment,Point_(geometry),2112,162,2274,1950,0.00407888155213803,0.000303524822522291,1,1
Base_(exponentiation),Nth_root,185,0,185,185,0.00531044579039527,0,1,0
Line_segment,Edge_(geometry),499,916,1415,417,0.000963713018237158,0.0142024311585215,1,1
Chord_(geometry),Line_(geometry),61,0,61,61,0.000186493014155126,0,1,0
Vector_(mathematics_and_physics),Scalar_multiplication,431,0,431,431,0.000456853814199356,0,1,0
Curve,Line_(geometry),2253,4721,6974,2468,0.00210032917276116,0.00204814018805927,1,1
Function_(mathematics),Piecewise,217,643,860,426,2.45961443446833E-05,0.0122324740797108,1,1
Exponentiation,Polynomial,411,5873,6284,5462,0.000107233625542789,0.00142764978168359,1,1
Sign_(mathematics),Absolute_value,2020,3346,5366,1326,0.0292410358854099,0.0191318070580701,1,1
Set_(mathematics),Rational_number,1093,1271,2364,178,0.000262828267817436,0.000247494820815502,1,1
Multiplication,Complex_number,644,0,644,644,0.000137148124020237,0,1,0
Analytic_geometry,Distance,67,157,224,90,7.69053295393371E-05,0.00026949921210103,1,1
Geometry,Plane_(geometry),3205,1369,4574,1836,0.000151556176933254,0.00253439201435106,1,1
Zero_of_a_function,Real_number,106,5067,5173,4961,0.000593275834084256,0.0002680557955996,1,1
Injective_function,Mathematics,299,0,299,299,0.000903356012906812,0,1,0
Line_(geometry),Asymptote,97,37,134,60,3.30645109060051E-05,0.000216373003666645,1,0
Unit_circle,Pythagorean_trigonometric_identity,2246,693,2939,1553,0.00266372226129384,0.00688025575092084,1,1
Right_triangle,Right_angle,2014,1521,3535,493,0.00365446274498419,0.0135309450310918,1,1
Amplitude,Periodic_function,4861,613,5474,4248,0.013323977403236,0.00362642498387927,1,1
Law_of_sines,Pythagorean_theorem,139,0,139,139,0.000136899280540112,0,1,0
Degree_(angle),Angle,6233,2104,8337,4129,0.0171553921271805,0.00149757604789396,1,1
Geometry,Angle,3174,0,3174,3174,0.000150090266953556,0,1,0
Multiplication,Integer,502,1604,2106,1102,0.000106907388599626,0.000211155681108057,1,1
Circle,Equation,330,0,330,330,7.22173189823661E-05,0,1,0
Equation_solving,Mathematics,137,0,137,137,0.00105709060886876,0,1,0
Complex_number,Inverse_trigonometric_functions,458,147,605,311,4.21061108929704E-05,0.000120185134161766,1,1
Inverse_function,Inverse_trigonometric_functions,3156,5363,8519,2207,0.0158611296783045,0.00438471343203776,1,1
Inequality_(mathematics),Multiplicative_inverse,20,0,20,20,3.459004740566E-05,0,0,0
Edge_(geometry),Geometry,217,0,217,217,0.00336454973951873,0,1,0
Multiplication,Logarithm,194,243,437,49,4.1314807546469E-05,7.27139758356197E-05,1,1
Monomial,Binomial,608,0,608,608,0.0189638501606313,0,1,0
Associative_property,Division_(mathematics),17,554,571,537,1.89579590530388E-05,0.000281113106416534,0,1
Logarithm,Multiplicative_inverse,311,70,381,241,3.72247745597033E-05,0.000101969318888651,1,1
Union_(set_theory),Commutative_property,232,0,232,232,0.000264843508308894,0,1,0
Angle,Triangle,866,1288,2154,422,0.000667764185169621,0.000563462353671495,1,1
Function_(mathematics),Quadratic_function,1021,0,1021,1021,0.000115726559336045,0,1,0
Calculus,Mathematics,11531,33712,45243,22181,0.00195616766211076,0.000128847436253818,1,1
Function_(mathematics),Vertical_line_test,809,858,1667,49,9.16971464278747E-05,0.0114337495502459,1,1
Complex_conjugate,Real_number,149,0,149,149,0.000970690362803667,0,1,0
Plane_(geometry),Mathematics,2052,0,2052,2052,0.0037988111128184,0,1,0
Unit_circle,Circle,1138,1681,2819,543,0.00134965090532163,0.000408745152382187,1,1
Logarithm,Real_number,3744,0,3744,3744,0.000448133620422924,0,1,0
Geometry,Curve,2984,0,2984,2984,0.000141105657400571,0,1,0
Set-builder_notation,Set_(mathematics),657,8044,8701,7387,0.0120743204748865,0.00309488055815578,1,1
Number,Real_number,13576,1565,15141,12011,0.000434142923329643,8.27920505453668E-05,1,1
Piecewise,Mathematics,167,0,167,167,0.00127082207729947,0,1,0
Image_(mathematics),Mathematics,121,0,121,121,0.00126134953976378,0,1,0
Spherical_law_of_cosines,Pythagorean_theorem,416,151,567,265,0.00479257151415306,5.17094068314633E-05,1,1
Law_of_sines,Trigonometric_functions,268,3157,3425,2889,0.000263949691976619,0.00150811837749966,1,1
Real_number,Extended_real_number_line,727,852,1579,125,7.96670334418536E-05,0.0199517598295202,1,1
Triangle,Angle,1288,866,2154,422,0.000619808561923832,0.000616397745948751,1,1
Circular_sector,Area,35,296,331,261,0.000289718311025023,0.00127576308734667,0,1
Rational_number,Number,4443,10077,14520,5634,0.0014419346264552,0.000326380831077596,1,1
Mathematics,Function_(mathematics),1207,5797,7004,4590,4.70187478550618E-06,0.000550103809912516,1,1
Algebraic_expression,Division_(mathematics),421,0,421,421,0.00050960564270229,0,1,0
Descartes'_rule_of_signs,Polynomial,134,0,134,134,0.00147868595579391,0,1,0
Exponentiation,Integer,2672,1418,4090,1254,0.000697149020560417,0.000186670047263855,1,1
Simple_harmonic_motion,Sine_wave,6185,2957,9142,3228,0.0270854955747949,0.00257642807914522,1,1
Real_line,Line_(geometry),362,0,362,362,0.00498396045874465,0,1,0
Calculus,Limit_(mathematics),4750,3437,8187,1313,0.000805810111440994,0.00616158519641958,1,1
Square_root,Natural_number,113,0,113,113,3.6066319898044E-05,0,1,0
Logistic_function,Natural_logarithm,7202,0,7202,7202,0.0395992786135304,0,1,0
Negative_number,Inequality_(mathematics),2215,0,2215,2215,0.00898343236063513,0,1,0
Asymptote,Line_(geometry),37,97,134,60,0.000216373003666645,4.20821008773033E-05,0,1
Logarithm,Natural_logarithm,33958,44357,78315,10399,0.00406456236173121,0.0114649773721973,1,1
Square_root,Exponentiation,2880,247,3127,2633,0.000919212400941299,0.000156508107690251,1,1
Polygon,Line_segment,2949,1173,4122,1776,0.00122691218778538,0.00339809903445319,1,1
Equation,Quadratic_equation,2993,499,3492,2494,0.00123288359651052,0.000239031267110016,1,1
Associative_property,Complex_number,36,0,36,36,4.01462662299645E-05,0,0,0
Exponential_growth,Exponential_function,8402,1488,9890,6914,0.00809555101199205,0.00116359723583097,1,1
Mathematical_induction,Mathematical_proof,4156,2754,6910,1402,0.0187950543139082,0.00468797077593236,1,1
Quadratic_formula,Real_number,882,0,882,882,0.000631690674970797,0,1,0
Continuous_function,Mathematics,933,404,1337,529,0.00484204954148438,1.54409006426621E-06,1,1
Arithmetic,Mathematics,15385,16483,31868,1098,0.00202275317941038,6.29981102210396E-05,1,1
Dependent_and_independent_variables,Function_(mathematics),816,0,816,816,0.00476362829688613,0,1,0
Line_(geometry),Secant_line,543,0,543,543,0.000185093086824338,0,1,0
Algebra,Number,328,11,339,317,6.97115747355902E-05,3.56275592125986E-07,1,0
Sine_wave,Mathematics,631,0,631,631,0.000733051807361885,0,1,0
Circle,Geometry,186,1094,1280,908,4.07043070627881E-05,4.46458012705199E-05,1,1
Multiplication,Common_logarithm,173,0,173,173,3.68425861110265E-05,0,1,0
Linear_equation,Equation,3152,4466,7618,1314,0.00274202121412732,0.00211218512314143,1,1
Synthetic_division,Polynomial_long_division,1742,6794,8536,5052,0.0104467766116942,0.0153349238558057,1,1
Inequality_(mathematics),Mathematics,680,0,680,680,0.00117606161179244,0,1,0
Algebraic_expression,Distributive_property,545,0,545,545,0.000659703266681112,0,1,0
Inequality_(mathematics),Equality_(mathematics),2503,1309,3812,1194,0.00432894443281834,0.00374075883965033,1,1
Prime_number,Zero_of_a_function,41,0,41,41,1.49624715667423E-05,0,0,0
Limit_of_a_function,Function_(mathematics),826,0,826,826,0.00481225785778788,0,1,0
Constant_function,Linear_function,32,425,457,393,0.000698659447185712,0.00167958298918349,1,1
Minor_(linear_algebra),Square_matrix,349,0,349,349,0.00168256830311299,0,1,0
Coordinate_system,Geometry,3353,882,4235,2471,0.00143179909206942,3.59941469109676E-05,1,1
Sine,Mathematics,697,855,1552,158,0.000382214993466153,3.26781436868221E-06,1,1
Arithmetic,Subtraction,4887,6531,11418,1644,0.000642521598165651,0.0170528871887933,1,1
Associative_property,Multiplication,110,231,341,121,0.00012266914681378,7.10586227485414E-05,1,1
Limit_of_a_sequence,Mathematics,171,0,171,171,0.00680272108843537,0,1,0
Focus_(geometry),Circle,227,2047,2274,1820,0.00384837079985081,0.000497740230176286,1,1
Exponentiation,Arithmetic,1221,1918,3139,697,0.000318569967853394,0.000264471324855175,1,1
Solution_of_triangles,Triangle,263,4658,4921,4395,0.00252719375792751,0.00203773885357285,1,1
Addition,Rational_number,112,443,555,331,3.3569227089527E-05,8.6262946987622E-05,1,1
Law_of_sines,Sine,4180,2582,6762,1598,0.00411682728530696,0.000865269612582401,1,1
Addition,Negative_number,59,0,59,59,1.76837892703758E-05,0,0,0
Constant_function,Even_and_odd_functions,201,0,201,201,0.00438845465263526,0,1,0
Set_(mathematics),Number,10,558,568,548,2.40465020875971E-06,1.80728891278454E-05,0,1
Linear_equation,Quadratic_equation,596,7098,7694,6502,0.000518478630590065,0.00340008804398175,1,1
Scalar_(mathematics),Vector_(mathematics_and_physics),4797,608,5405,4189,0.031964443970601,0.000396597868677835,1,1
Multiplication,Rational_number,774,303,1077,471,0.000164833304334882,5.90015190457098E-05,1,1
Linear_equation,Mathematics,944,0,944,944,0.000821214475297016,0,1,0
Mathematics,Continuous_function,404,933,1337,529,1.57378410384797E-06,0.00484204954148438,1,1
Perpendicular,Angle,3014,841,3855,2173,0.0064205389077415,0.000598603353744687,1,1
Algebra,Mathematics,9731,37842,47573,28111,0.00206818089558545,0.000144632317356342,1,1
Scientific_notation,Real_number,792,0,792,792,0.00242306315567263,0,1,0
Real_line,Geometry,135,0,135,135,0.0018586592871009,0,1,0
Sine,Law_of_sines,2582,4180,6762,1598,0.00141589542773258,0.00658691976406851,1,1
Multiplicative_inverse,Multiplication,1016,648,1664,368,0.00592002144259735,0.000199333279398506,1,1
Scalar_multiplication,Scalar_(mathematics),758,4079,4837,3321,0.00621775258594525,0.0362400604149083,1,1
Function_(mathematics),Nth_root,33,103,136,70,3.74042748098871E-06,0.000197009661124256,0,1
Addition,Commutative_property,2373,816,3189,1557,0.000711247998959354,0.00230373114102448,1,1
Division_(mathematics),Multiplication,4721,6234,10955,1513,0.00410665650658448,0.00191765997495414,1,1
Complex_number,Complex_conjugate,7852,6218,14070,1634,0.000721871578016602,0.0405084072208939,1,1
Mathematics,Exponentiation,12,1822,1834,1810,4.67460624905337E-08,0.00115448490773942,0,1
Euclidean_vector,Position_(vector),862,3778,4640,2916,0.00170470276470356,0.0868805335173048,1,1
Eccentricity_(mathematics),Circle,1302,1877,3179,575,0.00363628239000385,0.000456403718632578,1,1
Polynomial_long_division,Rational_root_theorem,1018,491,1509,527,0.00282800558933914,0.00139720047692627,1,1
Rational_number,E_(mathematical_constant),3158,0,3158,3158,0.00102489974124365,0,1,0
Calculus,Limit_of_a_function,5551,2708,8259,2843,0.000941695142865043,0.0157767485216581,1,1
Function_(mathematics),Injective_function,2606,4652,7258,2046,0.000295380424710805,0.0140548902075,1,1
Hyperbola,Cone,675,0,675,675,0.00219805984584274,0,1,0
Square_root,Function_(mathematics),248,287,535,39,7.91544011921674E-05,2.7234740977211E-05,1,1
Square_root,Geometry,44,0,44,44,1.40435227921587E-05,0,0,0
Set-builder_notation,Real_number,184,0,184,184,0.00338154485141418,0,1,0
Exponentiation,Function_(mathematics),21,309,330,288,5.47909035620088E-06,2.93224214702376E-05,0,1
Number,Rational_number,10077,4443,14520,5634,0.00032224942828468,0.000865160888185111,1,1
Function_(mathematics),Constant_function,699,701,1400,2,7.92290548245791E-05,0.0688672757638275,1,1
Open_set,Interval_(mathematics),9288,192,9480,9096,0.0190771569120804,0.000777022788621473,1,1
Function_composition,Function_(mathematics),1710,2267,3977,557,0.00439742429229756,0.000215125985349607,1,1
Circle,Rational_number,95,0,95,95,2.07898342524993E-05,0,1,0
Square_(algebra),Mathematics,310,0,310,310,0.00323671901102573,0,1,0
Algebraic_expression,Addition,498,0,498,498,0.0006028114253343,0,1,0
Logarithm,Complex_number,1528,10,1538,1518,0.000182892139958928,1.47095575791657E-06,1,0
Exponential_function,Real_number,40,351,391,311,1.31703198938999E-05,1.85686963203986E-05,0,1
Asymptote,Curve,533,0,533,533,0.00311694083660329,0,1,0
Circle,Chord_(geometry),3785,6094,9879,2309,0.000828310764691684,0.0186309578403498,1,1
Number,Binary_number,11,3570,3581,3559,3.51765774648356E-07,0.017488769466666,0,1
Circle,Cone,10,709,719,699,2.18840360552624E-06,0.000936999039212551,0,1
Algebraic_expression,E_(mathematical_constant),417,0,417,417,0.000504763783864263,0,1,0
Linear_equation,Number,144,0,144,144,0.000125270004706324,0,1,0
Polynomial,Real_number,264,9533,9797,9269,3.36918580944881E-05,0.00050431732769903,1,1
Line_segment,Polygon,1173,2949,4122,1776,0.00226540154387212,0.00100383732048621,1,1
Scientific_notation,E_(mathematical_constant),827,0,827,827,0.00253014296684503,0,1,0
Right_angle,Right_triangle,1521,2014,3535,493,0.0135309450310918,0.00365446274498419,1,1
Circle,Curve,1566,49,1615,1517,0.00034270400462541,4.56795958567674E-05,1,1
Square_root,Quadratic_equation,369,493,862,124,0.000117774088870604,0.000236157143657792,1,1
Multiplication,Dot_product,22,235,257,213,4.68518436093979E-06,0.000189574836078269,0,1
Natural_logarithm,Logarithm,44357,33958,78315,10399,0.0152866351792148,0.0101614040799423,1,1
Polynomial,Degree_of_a_polynomial,5223,6533,11756,1310,0.000666562783437542,0.00571568054481381,1,1
Algebraic_operation,Mathematics,301,0,301,301,0.0178932350493402,0,1,0
Differential_equation,Equation,3579,2214,5793,1365,0.00243817532653769,0.00104710655231418,1,1
Natural_number,Rational_number,8714,25882,34596,17168,0.00374806822223971,0.00503985912851835,1,1
Square_root,Algebra,11,0,11,11,3.51088069803968E-06,0,0,0
Function_(mathematics),Zero_of_a_function,262,0,262,262,2.96967272733043E-05,0,1,0
Curve,Mathematics,1053,0,1053,1053,0.000981645192595431,0,1,0
Floor_and_ceiling_functions,Real_number,991,0,991,991,0.00242832044028317,0,1,0
Angle,Degree_(angle),2104,6233,8337,4129,0.0016223739556546,0.0285922677480321,1,1
Even_and_odd_functions,Division_(mathematics),551,0,551,551,0.0032577526827682,0,1,0
Circle,Unit_circle,1681,1138,2819,543,0.000367870646088962,0.00337412126081839,1,1
Linear_equation,Linear_inequality,1791,1114,2905,677,0.00155804568353491,0.0185626447603019,1,1
Product_(mathematics),Mathematics,584,0,584,584,0.00241450023152742,0,1,0
Number,Negative_number,3157,0,3157,3157,0.000100956777324078,0,1,0
Imaginary_number,Number,82,457,539,375,0.000127040195827814,1.4801631418325E-05,0,1
Division_(mathematics),Distributive_property,306,0,306,306,0.000266180235334643,0,1,0
Linear_function,Calculus,876,212,1088,664,0.00159781121751026,2.21320492012157E-05,1,1
Multiplicative_inverse,Division_(mathematics),661,0,661,661,0.00385151001334336,0,1,0
Arithmetic,Addition,6415,4424,10839,1991,0.000843416421574106,0.0021608631730107,1,1
Natural_logarithm,Base_(exponentiation),1612,0,1612,1612,0.000555539281486447,0,1,0
Square_root,Mathematics,2652,0,2652,2652,0.000846441419200113,0,1,0
Slope,Mathematics,1154,0,1154,1154,0.0050049659324026,0,1,0
Function_(mathematics),Natural_logarithm,249,127,376,122,2.82232255383694E-05,3.28257575189724E-05,1,1
Logarithm,Binary_logarithm,9345,2787,12132,6558,0.0011185386439242,0.0147067359700272,1,1
Synthetic_division,Polynomial,225,0,225,225,0.00134932533733133,0,1,0
Product_(mathematics),Multiplication,15395,2607,18002,12788,0.0636493682608983,0.000801947313876395,1,1
Identity_matrix,Square_matrix,2125,446,2571,1679,0.0117519535894614,0.00401599193199827,1,1
Formula,Mathematics,742,32,774,710,0.024187502037357,1.22304163506235E-07,1,0
Scalar_multiplication,Mathematics,20,0,20,20,0.000164056796462935,0,0,0
Angle,Right_triangle,11,1843,1854,1832,8.48199311416377E-06,0.00334417817229685,0,1
Complex_number,Nth_root,590,923,1513,333,5.42414965651802E-05,0.00176543608949212,1,1
Square_root,Complex_number,4811,3963,8774,848,0.00153553154893354,0.000582939766862338,1,1
Number,Natural_number,26067,4332,30399,21735,0.000833588949796244,0.00155273436449902,1,1
Cartesian_coordinate_system,Coordinate_system,14177,16402,30579,2225,0.00824632050772718,0.0098055802491868,1,1
Scalar_multiplication,Matrix_(mathematics),257,1852,2109,1595,0.00210812983454872,0.000476954373339384,1,1
Complex_number,Quadratic_equation,18,1695,1713,1677,1.6548253189377E-06,0.000811939875253462,0,1
Graph_of_a_function,Slope,525,0,525,525,0.00205613845448884,0,1,0
Geometry,Plane_curve,643,0,643,643,3.04058102240506E-05,0,1,0
Scalar_multiplication,Vector_space,794,3790,4584,2996,0.00651305481957854,0.00569820273573871,1,1
Law_of_sines,Trigonometry,2288,6039,8327,3751,0.00225342125090486,0.0016753271937035,1,1
Focus_(geometry),Conic_section,2273,2387,4660,114,0.0385345675244973,0.00162166495464501,1,1
Polygon,Triangle,5869,9845,15714,3976,0.00244175911499233,0.00430689974526077,1,1
Number,Empty_set,10,0,10,10,3.19787067862142E-07,0,0,0
Addition,Scientific_notation,23,0,23,23,6.89368056302787E-06,0,0,0
Exponential_function,Sine,47,279,326,232,1.54751258753324E-05,9.34973748685089E-05,0,1
Exponentiation,Nth_root,4369,1280,5649,3089,0.00113991170315436,0.0024482754003791,1,1
Partial_fraction_decomposition,Rational_function,1710,2582,4292,872,0.0041928618366206,0.02053819292538,1,1
Mathematics,List_of_mathematical_symbols,416,4704,5120,4288,1.6205301663385E-06,0.00845872773829732,1,1
Piecewise,Interval_(mathematics),88,0,88,88,0.000669654747319479,0,1,0
Extended_real_number_line,Real_number,852,727,1579,125,0.0199517598295202,3.84599493587742E-05,1,1
Complex_plane,Mathematics,262,0,262,262,0.00215614790187058,0,1,0
Determinant,Square_matrix,7302,706,8008,6596,0.00362226457512553,0.00635715314796139,1,1
Vertical_line_test,Graph_of_a_function,815,1036,1851,221,0.0126708229038728,0.00167071713436533,1,1
Coordinate_system,Polar_coordinate_system,10122,3340,13462,6782,0.00432229955559997,0.00681116950227481,1,1
Fundamental_theorem_of_algebra,Algebra,1751,0,1751,1751,0.00161180604201742,0,1,0
Perpendicular,Geometry,2328,35,2363,2293,0.00495919528109562,1.42833916313364E-06,1,0
Point_(geometry),Mathematics,2421,0,2421,2421,0.00453600984769424,0,1,0
Sine,Trigonometry,2124,11263,13387,9139,0.00116474124264291,0.00312455873202227,1,1
Rational_function,Mathematics,284,0,284,284,0.00225904213431755,0,1,0
Function_(mathematics),Continuous_function,946,2446,3392,1500,0.000107225587788343,0.0126941620348026,1,1
Geometry,Distance,376,0,376,376,1.77800694311711E-05,0,1,0
Subtraction,Real_number,11,0,11,11,5.74433530207371E-05,0,0,0
Mathematics,Algebra,37842,9731,47573,28111,0.000147413708063898,0.00172348414070474,1,1
Series_(mathematics),Geometric_series,7880,13208,21088,5328,0.0186742248300835,0.0456195492617218,1,1
Addition,Complex_number,881,25,906,856,0.000264057938088155,3.67738939479143E-06,1,0
Exponential_function,Exponential_growth,1488,8402,9890,6914,0.000489935900053076,0.00910749379157692,1,1
Real_number,Real_line,3130,1889,5019,1241,0.000342995618532327,0.0189145889656554,1,1
Binomial_coefficient,Mathematics,399,0,399,399,0.000287453414896139,0,1,0
Interval_(mathematics),Inequality_(mathematics),744,256,1000,488,0.00267641303096581,0.000208354358675517,1,1
Linear_inequality,Linear_function,1305,0,1305,1305,0.0289935569873361,0,1,0
Polynomial_long_division,Synthetic_division,6794,1742,8536,5052,0.0188737426070433,0.0104467766116942,1,1
Addition,Summation,2926,3760,6686,834,0.000876996057713894,0.00551846410576665,1,1
Conic_section,Curve,1001,526,1527,475,0.00106865437091381,0.000490356477972646,1,1
Curve,Plane_curve,368,1116,1484,748,0.000343063087250825,0.012778967376991,1,1
Trigonometric_functions,Trigonometry,2909,57658,60567,54749,0.00138964724743317,0.0159953660100275,1,1
Vector_(mathematics_and_physics),Scalar_(mathematics),608,4797,5405,4189,0.000644471273858952,0.0426191639642841,1,1
Mathematical_analysis,Mathematics,5401,16315,21716,10914,0.0313388494969305,6.23560133626319E-05,1,1
Summation,Number,81,0,81,81,0.000142658125965364,0,1,0
Mathematical_proof,Mathematical_induction,2754,4156,6910,1402,0.0117198970147031,0.0281925177220771,1,1
Arithmetic,Summation,756,488,1244,268,9.93956063460676E-05,0.000716226192450565,1,1
Arithmetic,Logarithm,2813,1159,3972,1654,0.000369841059062815,0.000346812748944376,1,1
Vector_(mathematics_and_physics),Norm_(mathematics),163,1123,1286,960,0.000172777660590476,0.00542148026204626,1,1
Geometric_series,Mathematics,308,0,308,308,0.000531906626209526,0,1,0
Real_number,Imaginary_number,18681,3832,22513,14849,0.00204712496798799,0.00474944567077864,1,1
Logarithm,Exponentiation,62567,3517,66084,59050,0.00748888253979729,0.00222849803541139,1,1
Logarithm,Arithmetic,1159,2813,3972,1654,0.000138725124484554,0.000387882083846511,1,1
Length,Geometry,954,4828,5782,3874,0.0122218378876975,0.000197029185131691,1,1
Mathematics,Addition,990,0,990,990,3.85655015546903E-06,0,1,0
Integer,Distributive_property,195,0,195,195,2.38368211899806E-05,0,1,0
Polynomial,Function_composition,301,0,301,301,3.84138230547004E-05,0,1,0
Limit_(mathematics),Mathematics,1184,0,1184,1184,0.00212258273859784,0,1,0
Sine,Inverse_trigonometric_functions,1881,3715,5596,1834,0.00103148694793376,0.0030373317919113,1,1
Natural_logarithm,Common_logarithm,1607,3690,5297,2083,0.00055381614475727,0.0130811634790932,1,1
Logarithm,Sine,59,0,59,59,7.061934723545E-06,0,0,0
Rational_function,Real_number,34,0,34,34,0.000270448706221116,0,0,0
Trigonometry,Sine,11263,2124,13387,9139,0.00312455873202227,0.000711786466740906,1,1
Mathematics,Algebraic_expression,24,1034,1058,1010,9.34921249810674E-08,0.00150194424794572,0,1
Square_(algebra),Square_root,641,6403,7044,5762,0.00669269963247578,0.0053645830278769,1,1
Linear_function,Analytic_geometry,319,0,319,319,0.000581851345189239,0,1,0
Nth_root,Square_root,4787,5470,10257,683,0.146494476237109,0.00458289382515799,1,1
Multiplication,Multiplicative_inverse,648,1016,1664,368,0.000137999975722226,0.00148001182844099,1,1
Algebraic_expression,Polynomial,2100,103,2203,1997,0.00254197588996392,2.50379580305483E-05,1,1
Square_matrix,Identity_matrix,446,2125,2571,1679,0.00251000343296434,0.0078346501690441,1,1
Sine,Cartesian_coordinate_system,1177,0,1177,1177,0.000645433353385454,0,1,0
Radius,Line_(geometry),219,0,219,219,0.000370774190053094,0,1,0
Sine,Sine_wave,1913,11826,13739,9913,0.00104903483859505,0.0103039697206532,1,1
Dot_product,Multiplication,235,22,257,213,0.000189574836078269,6.76748788081346E-06,1,0
Real_line,Mathematics,47,0,47,47,0.000647088788842537,0,1,0
Geometric_series,Calculus,628,45,673,583,0.00108453688720644,4.69784063233353E-06,1,0
Scalar_multiplication,Multiplication,80,0,80,80,0.000656227185851742,0,1,0
Parametric_equation,Mathematics,241,0,241,241,0.00142795352337163,0,1,0
Calculus,Linear_function,212,876,1088,664,3.59645776053665E-05,0.00346191693770525,1,1
Maxima_and_minima,Real_number,648,0,648,648,0.00476796632991678,0,1,0
Quadratic_formula,Quadratic_equation,38237,34947,73184,3290,0.0273854380259165,0.0167403320474824,1,1
E_(mathematical_constant),Base_(exponentiation),286,0,286,286,0.000145598125755036,0,1,0
Expression_(mathematics),Mathematics,814,0,814,814,0.0199017138945258,0,1,0
Algebraic_expression,Rational_number,1335,0,1335,1335,0.00161597038719135,0,1,0
Division_(mathematics),Number,323,352,675,29,0.000280968026186568,1.14008189480315E-05,1,1
Natural_number,Real_number,11086,11449,22535,363,0.00476831355425172,0.000605678074564796,1,1
Function_(mathematics),Even_and_odd_functions,348,212,560,136,3.94445079813355E-05,0.000974896417255667,1,1
Equality_(mathematics),Mathematics,745,0,745,745,0.00201072566954466,0,1,0
Number,Addition,644,17,661,627,2.05942871703219E-05,8.30349772630695E-06,1,0
Sine_wave,Sine,11826,1913,13739,9913,0.0137386223040597,0.000641076982521353,1,1
Commutative_property,Function_(mathematics),84,76,160,8,0.000332007936570674,7.21198715772834E-06,1,1
Rationalisation_(mathematics),Nth_root,493,0,493,493,0.104849000425351,0,1,0
Trigonometry,Law_of_sines,6039,2288,8327,3751,0.0016753271937035,0.00360547187085855,1,1
Polynomial,Quadratic_formula,1300,210,1510,1090,0.000165906876980434,0.00016544278397663,1,1
Mathematics,Series_(mathematics),1497,874,2371,623,5.83157129569408E-06,0.00155342152644105,1,1
Vertical_line_test,Function_(mathematics),858,809,1667,49,0.0133393448484943,7.67697054026609E-05,1,1
Scalar_(mathematics),Real_number,1034,0,1034,1034,0.00688998020963131,0,1,0
Mathematics,Formula,32,742,774,710,1.24656166641423E-07,0.0120939481361955,0,1
Associative_property,Addition,133,1580,1713,1447,0.00014831815023848,0.000771736847503822,1,1
Matrix_(mathematics),Matrix_multiplication,20088,8762,28850,11326,0.00560447130121773,0.00866813279001691,1,1
Exponentiation,Cartesian_coordinate_system,15,0,15,15,3.91363596871492E-06,0,0,0
Linear_equation,Vertical_line_test,34,0,34,34,2.95776400001044E-05,0,0,0
E_(mathematical_constant),Real_number,57,12,69,45,2.90178082798498E-05,6.34827224629011E-07,0,0
Even_and_odd_functions,Function_(mathematics),212,348,560,136,0.0012534366038963,3.30233096169666E-05,1,1
Complex_number,Set_(mathematics),530,1080,1610,550,4.87254121687212E-05,0.000415523496122358,1,1
Circle,Line_(geometry),11,40,51,29,2.40724396607887E-06,1.73534436607436E-05,0,1
Division_by_zero,Division_(mathematics),1421,3032,4453,1611,0.00333830594481576,0.00153851071959374,1,1
Identity_(mathematics),Mathematics,155,0,155,155,0.00366924697583032,0,1,0
Interval_(mathematics),Closed_set,113,969,1082,856,0.000406498215724646,0.00210194771811775,1,1
Analytic_geometry,Geometry,1871,2871,4742,1000,0.00214761002340447,0.000117164621067333,1,1
Coordinate_system,Number,2999,0,2999,2999,0.00128063390310653,0,1,0
Equation,Function_(mathematics),32,62,94,30,1.31815152316528E-05,5.88346320762049E-06,0,1
Integer,Natural_number,31732,40400,72132,8668,0.0038789231282075,0.0144807175267221,1,1
Matrix_(mathematics),Matrix_ring,556,1243,1799,687,0.000155121766401686,0.0530607017843422,1,1
Cross_product,Mathematics,520,10,530,510,0.000372560890420528,3.82200510956984E-08,1,0
Multiplication,Product_(mathematics),2607,15395,18002,12788,0.000555194346771365,0.0636493682608983,1,1
Exponentiation,Identity_(mathematics),414,506,920,92,0.000108016352736532,0.00299463215145974,1,1
Polynomial,Binomial,382,15,397,367,4.87510976973274E-05,1.96386231492234E-05,1,0
Complex_number,Rational_number,407,634,1041,227,3.74174391559802E-05,0.000123455323679802,1,1
Absolute_value,Real_number,2474,10,2484,2464,0.0141458728815498,5.29022687190842E-07,1,0
Associative_property,Exponentiation,521,718,1239,197,0.000581005686272542,0.000454950693609717,1,1
Mathematics,Sine,855,697,1552,158,3.33065695245052E-06,0.000233575879151794,1,1
Matrix_(mathematics),Determinant,13715,247,13962,13468,0.00382642990323582,0.000367583591782795,1,1
Cartesian_coordinate_system,Number,2054,0,2054,2054,0.00119474799484176,0,1,0
Function_(mathematics),Transformation_(function),60,2076,2136,2016,6.80077723816129E-06,0.014269708488277,1,1
Number,Multiplication,649,0,649,649,2.0754180704253E-05,0,1,0
Mathematics,Mathematical_proof,26634,1305,27939,25329,0.000103752885697739,0.00222142406049082,1,1
Mathematics,Calculus,33712,11531,45243,22181,0.000131325271556739,0.00120379556292084,1,1
Product_(mathematics),Cross_product,102,0,102,102,0.000421710656876364,0,1,0
Mathematics,Operation_(mathematics),588,1376,1964,788,2.29055706203615E-06,0.0181638175697974,1,1
Limit_(mathematics),Limit_of_a_function,25976,1545,27521,24431,0.0465677442718053,0.00900113606571703,1,1
Hyperbola,Rotation_of_axes,10,0,10,10,3.25638495680405E-05,0,0,0
Number,Absolute_value,21,0,21,21,6.71552842510497E-07,0,0,0
Set_(mathematics),Set-builder_notation,8044,657,8701,7387,0.00193430062792631,0.00804959629498034,1,1
Analytic_geometry,Plane_(geometry),846,0,846,846,0.000971073265526555,0,1,0
Geometry,Linear_equation,370,0,370,370,1.74963449189716E-05,0,1,0
Square_root,Pythagorean_theorem,70,183,253,113,2.23419680784344E-05,6.26676917228992E-05,1,1
Binary_logarithm,Exponentiation,157,0,157,157,0.00115986140764326,0,1,0
Invertible_matrix,Matrix_(mathematics),91,12723,12814,12632,0.00041816009557945,0.00327661473649945,0,1
Complex_number,Commutative_property,433,23,456,410,3.98077423944458E-05,6.49335983376999E-05,1,0
Arithmetic,Arithmetic_mean,520,0,520,520,6.8367348280364E-05,0,1,0
Polynomial,Zero_of_a_function,665,2452,3117,1787,8.48677486092218E-05,0.0106740032300613,1,1
Addition,Arithmetic,4424,6415,10839,1991,0.00132598447003632,0.000884558680368065,1,1
Secant_line,Interval_(mathematics),171,0,171,171,0.00111002200569941,0,1,0
Rational_root_theorem,Integer,65,0,65,65,0.000218595406806052,0,1,0
Imaginary_number,Square_(algebra),1075,0,1075,1075,0.00166546598188903,0,1,0
Exponentiation,Natural_number,141,0,141,141,3.67881781059202E-05,0,1,0
Eccentricity_(mathematics),Cone,1219,0,1219,1219,0.00340447636975015,0,1,0
Mathematics,Trigonometric_functions,597,1734,2331,1137,2.32561660890405E-06,0.000828342498126198,1,1
Conic_section,Mathematics,609,715,1324,106,0.000650160351534976,2.73273365334243E-06,1,1
Trigonometric_functions,Inverse_trigonometric_functions,12888,39919,52807,27031,0.0061566771141006,0.0326372134054662,1,1
Arithmetic,Exponentiation,1918,1221,3139,697,0.000252170334618727,0.000773669633561928,1,1
Coordinate_system,Complex_number,1096,0,1096,1096,0.000468014257354037,0,1,0
Secant_line,Curve,224,0,224,224,0.00145406391389864,0,1,0
Right_angle,Geometry,949,0,949,949,0.00844238450657865,0,1,0
Polygon,Right_triangle,12,0,12,12,4.99252161865872E-06,0,0,0
Function_(mathematics),Image_(mathematics),2342,1558,3900,784,0.000265457004862896,0.0162411783715039,1,1
Analytic_geometry,Cartesian_coordinate_system,4330,2184,6514,2146,0.00497015040157208,0.000604935877904883,1,1
Vector_(mathematics_and_physics),Euclidean_vector,23729,8698,32427,15031,0.0251523994365116,0.0258018967271519,1,1
Quadratic_equation,Quadratic_formula,34947,38237,73184,3290,0.0145082887011206,0.030123979671021,1,1
Union_(set_theory),Empty_set,452,287,739,165,0.00051598821446388,0.000452542199165872,1,1
Binomial,Binomial_theorem,4659,0,4659,4659,0.00469212168698845,0,1,0
Multiplicative_inverse,Mathematics,513,0,513,513,0.00298914468509099,0,1,0
Complex_number,Zero_of_a_function,98,236,334,138,9.00960451421637E-06,0.00102735104498143,1,1
System_of_linear_equations,Mathematics,478,0,478,478,0.000779009126466754,0,1,0
Vector_space,Scalar_(mathematics),7484,5964,13448,1520,0.0112520710486197,0.0529874283683532,1,1
Linear_equation,Cartesian_coordinate_system,991,0,991,991,0.000862101212944219,0,1,0
Exponentiation,Multiplicative_inverse,2658,0,2658,2658,0.000693496293656283,0,1,0
Logarithm,Mathematics,2835,29,2864,2806,0.000339331948156781,1.10838148177525E-07,1,0
Equation,Degree_of_a_polynomial,283,0,283,283,0.000116574025329929,0,1,0
Equation,Equality_(mathematics),2717,341,3058,2376,0.00111919302763752,0.000974483395203027,1,1
Associative_property,Commutative_property,19374,10355,29729,9019,0.0216053822760926,0.0292342352516036,1,1
Injective_function,Function_(mathematics),4652,2606,7258,2046,0.0140548902075,0.00024729524385579,1,1
Geometry,Point_(geometry),3444,0,3444,3444,0.000162857870002536,0,1,0
Geometry,Pythagorean_theorem,2023,977,3000,1046,9.56624480299447E-05,0.000334570135591653,1,1
Arithmetic,Division_(mathematics),2940,3069,6009,129,0.000386538469123596,0.00155728542164683,1,1
Parity_(mathematics),Even_and_odd_functions,155,923,1078,768,0.000901409105976633,0.00424447826946689,1,1
Set_(mathematics),Real_number,1588,466,2054,1122,0.000381858453151042,2.46524572230933E-05,1,1
Mathematics,Cross_product,10,520,530,510,3.89550520754447E-08,0.000447073004442358,0,1
Series_(mathematics),Calculus,2904,6017,8921,3113,0.00688197321149271,0.00062815349077224,1,1
Algebraic_expression,Square_root,936,0,936,936,0.0011329949680982,0,1,0
Quadratic_formula,Polynomial,210,1300,1510,1090,0.000150402541659714,0.000316013062521483,1,1
Union_(set_theory),Natural_number,150,0,150,150,0.000171235026923854,0,1,0
Matrix_(mathematics),Triangular_matrix,2398,571,2969,1827,0.000669032366602953,0.00787445009860301,1,1
Exponential_function,Mathematics,1021,0,1021,1021,0.000336172415291795,0,1,0
Real_number,Nth_root,32,0,32,32,3.50666447061804E-06,0,0,0
Even_and_odd_functions,Mathematics,12,0,12,12,7.0949241729979E-05,0,0,0
Trigonometry,Geometry,4885,2645,7530,2240,0.00135518684239801,0.000107941631042528,1,1
Number,Integer,5609,8052,13661,2443,0.000179368566363875,0.00105999098770703,1,1
Focus_(geometry),Ellipse,1532,5585,7117,4053,0.0259722646051605,0.00539135857409426,1,1
Polynomial,Function_(mathematics),1708,1624,3332,84,0.00021797611221737,0.000154108778212511,1,1
Coordinate_system,Real_number,902,34,936,868,0.00038517231763991,1.79867713644886E-06,1,0
Scalar_(mathematics),Vector_space,5964,7484,13448,1520,0.0397406595456878,0.0112520710486197,1,1
Exponential_function,Exponentiation,37002,6049,43051,30953,0.0121832044178521,0.00383286454825234,1,1
Complex_number,Natural_number,139,2243,2382,2104,1.27789288517967E-05,0.000803966569614795,1,1
Division_(mathematics),Synthetic_division,179,0,179,179,0.000155706738970265,0,1,0
Subtraction,Arithmetic,6531,4887,11418,1644,0.0341056853253122,0.00067386411082755,1,1
Product_(mathematics),Dot_product,361,1815,2176,1454,0.00149252497188596,0.00146416309566834,1,1
Integer,Set_(mathematics),2128,1833,3961,295,0.000260126951242455,0.000705235711474335,1,1
Exponential_function,Logarithm,1917,6712,8629,4795,0.000631187580915153,0.00200846175229909,1,1
Minute_and_second_of_arc,Angle,558,844,1402,286,0.00803143486333607,0.000600738680809175,1,1
Plane_curve,Plane_(geometry),3542,0,3542,3542,0.0289703344429631,0,1,0
Exponentiation,Exponential_growth,858,1993,2851,1135,0.000223859977410493,0.00216034695627384,1,1
Function_(mathematics),Real_number,4317,0,4317,4317,0.000489315922285705,0,1,0
Pythagorean_trigonometric_identity,Pythagorean_theorem,2776,5698,8474,2922,0.0275607358795906,0.00195125960348131,1,1
E_(mathematical_constant),Natural_logarithm,55469,58509,113978,3040,0.0282384001311401,0.0151228523360437,1,1
Function_(mathematics),Monotonic_function,429,676,1105,247,4.86255572528532E-05,0.00963278567051883,1,1
Equation,Differential_equation,2214,3579,5793,1365,0.000911996085089976,0.00243817532653769,1,1
Edge_(geometry),Line_segment,916,499,1415,417,0.0142024311585215,0.0014455681314511,1,1
Solution_of_triangles,Trigonometry,161,0,161,161,0.00154706538032825,0,1,0
Function_(mathematics),Inverse_function,1509,3270,4779,1761,0.000171039547539756,0.0093909117799942,1,1
Polynomial,Multiplication,1744,0,1744,1744,0.000222570456502982,0,1,0
Square_root,Square_(algebra),6403,641,7044,5762,0.00204365173723165,0.0041829536481751,1,1
Coordinate_system,Rotation_of_axes,1069,1040,2109,29,0.000456484709043308,0.019209102159177,1,1
Geometry,Perpendicular,35,2328,2363,2293,1.65505965449731E-06,0.0064469497453621,0,1
Cubic_function,Function_(mathematics),766,0,766,766,0.00496573899401648,0,1,0
Polynomial,Homogeneous_polynomial,1873,1010,2883,863,0.000239033523526425,0.0133275272818442,1,1
Interval_(mathematics),Empty_set,1952,0,1952,1952,0.00702198687694256,0,1,0
Geometry,Line_segment,34,1765,1799,1731,1.60777223579739E-06,0.0051130816673571,0,1
Zero_of_a_function,Mathematics,186,0,186,186,0.00104103118056294,0,1,0
Exponentiation,Rational_number,10,14,24,4,2.60909064580994E-06,2.72614279419121E-06,0,0
Amplitude,Displacement_(vector),308,0,308,308,0.00084422650487486,0,1,0
Trigonometry,Inverse_trigonometric_functions,2667,701,3368,1966,0.000739873758173081,0.000573127748621755,1,1
Exponentiation,Exponential_function,6049,37002,43051,30953,0.00157823893165044,0.0289350973926194,1,1
Logarithm,Addition,482,0,482,482,5.76924158770965E-05,0,1,0
Algebra,Algebraic_expression,47,631,678,584,9.98915857491688E-06,0.000916563656144826,0,1
Line_(geometry),Conic_section,591,0,591,591,0.000201454906654114,0,1,0
Perpendicular,Cartesian_coordinate_system,212,3957,4169,3745,0.000451610566835169,0.00109603080076448,1,1
Mathematics,Differential_equation,5113,2578,7691,2535,1.99177181261749E-05,0.00175624922934176,1,1
Pythagorean_theorem,Mathematics,5780,4810,10590,970,0.00263911997676844,1.83838445770309E-05,1,1
Rational_root_theorem,Equation_solving,165,351,516,186,0.000554896032661517,0.00162499247688668,1,1
Equation,System_of_linear_equations,372,0,372,372,0.000153235114567963,0,1,0
Square_(algebra),Number,282,0,282,282,0.00294437019712663,0,1,0
Perpendicular,Line_(geometry),1569,530,2099,1039,0.00334234424228481,0.000229933128504853,1,1
Mathematics,Logarithm,29,2835,2864,2806,1.1296965101879E-07,0.00084832971808223,0,1
Geometry,Unit_circle,238,0,238,238,1.12544056505817E-05,0,1,0
Open_set,Set_(mathematics),336,11,347,325,0.000690129707413759,4.23218375680179E-06,1,0
Rational_root_theorem,Rational_number,689,0,689,689,0.00231711131214415,0,1,0
Rotation_(mathematics),Mathematics,290,0,290,290,0.00339622199580742,0,1,0
Geometry,Rectangle,62,0,62,62,2.93181995939524E-06,0,1,0
Transformation_(function),Coordinate_system,2029,0,2029,2029,0.0119542803275791,0,1,0
Equation,Geometry,370,101,471,269,0.000152411269865985,4.12177872789992E-06,1,1
Trigonometry,Pythagorean_trigonometric_identity,1396,0,1396,1396,0.000387275502965737,0,1,0
Integer,Algebraic_expression,12,0,12,12,1.4668813039988E-06,0,0,0
Algebraic_expression,Arithmetic,417,0,417,417,0.000504763783864263,0,1,0
Minor_(linear_algebra),Matrix_(mathematics),2989,1589,4578,1400,0.0144103056103288,0.00040922273176905,1,1
Linear_function,Mathematics,388,0,388,388,0.000707706338349293,0,1,0
Complex_number,Subtraction,231,0,231,231,2.12369249263672E-05,0,1,0
Radius,Geometry,939,0,939,939,0.00158975782858381,0,1,0
Polar_coordinate_system,Plane_(geometry),439,0,439,439,0.000895240542364862,0,1,0
Mathematics,Pythagorean_theorem,4810,5780,10590,970,1.87373800482889E-05,0.00197934020851561,1,1
Transformation_(function),Set_(mathematics),12,0,12,12,7.07005243622224E-05,0,0,0
Symmetry,Even_and_odd_functions,505,910,1415,405,0.00186097588838567,0.00418469688538989,1,1
Base_(exponentiation),Logarithm,435,2442,2877,2007,0.012486723885524,0.000730730571977709,1,1
Square_root,Rational_number,762,0,762,762,0.000243208281082385,0,1,0
Exponential_growth,Natural_logarithm,10,19,29,9,9.63526661746257E-06,4.91094010126359E-06,0,0
Plane_(geometry),Cartesian_coordinate_system,1206,2918,4124,1712,0.00223263460139327,0.00080824308229233,1,1
Distance,Analytic_geometry,157,67,224,90,0.00121273916838536,4.39459242123021E-05,1,1
Exponential_function,Graph_of_a_function,257,0,257,257,8.46193053183069E-05,0,1,0
Geometry,Triangle,1832,2541,4373,709,8.66305510582593E-05,0.00111161323034105,1,1
Line_(geometry),Geometry,89,3184,3273,3095,3.03375409343758E-05,0.000129938054154786,1,1
Trigonometric_functions,Pythagorean_trigonometric_identity,2805,2658,5463,147,0.00133996580579238,0.0263892060403284,1,1
Complex_number,Cartesian_coordinate_system,1356,67,1423,1289,0.000124663507359974,1.85580145694264E-05,1,1
Mathematics,Polynomial,449,2422,2871,1973,1.74908183818747E-06,0.000588756644174639,1,1
Elementary_matrix,Matrix_(mathematics),1094,3591,4685,2497,0.012720190686588,0.000924807318931818,1,1
Conic_section,Eccentricity_(mathematics),5394,5041,10435,353,0.0057585631135955,0.0140787246758905,1,1
Equation,Mathematics,1756,33,1789,1723,0.000723335648336946,1.26126168615805E-07,1,0
Polynomial,Complex_number,1017,2618,3635,1601,0.000129790226068539,0.000385096217422559,1,1
Arithmetic,Multiplicative_inverse,489,0,489,489,6.42916025174961E-05,0,1,0
Number,Imaginary_number,457,82,539,375,1.46142690012999E-05,0.000101632188153405,1,0
Multiplication,Exponentiation,2227,2942,5169,715,0.000474268435082405,0.0018641572988855,1,1
Integer,Number,8052,5609,13661,2443,0.000984277354983198,0.000181668163294059,1,1
Matrix_(mathematics),Invertible_matrix,12723,91,12814,12632,0.00354966588836087,0.00041816009557945,1,0
Function_(mathematics),Empty_set,356,725,1081,369,4.0351278279757E-05,0.00114318151357232,1,1
Open_set,Closed_set,5368,16364,21732,10996,0.0110256436589198,0.0354966692046221,1,1
Inverse_trigonometric_functions,Inverse_function,5363,3156,8519,2207,0.00584628298277074,0.00906352219500358,1,1
Calculus,Geometric_series,45,628,673,583,7.63399052944099E-06,0.00216907002849495,0,1
Quadratic_equation,Equation_solving,461,297,758,164,0.000191384699436764,0.00137499363428873,1,1
Binary_logarithm,Logarithm,2787,9345,12132,6558,0.0205893868987375,0.00279634610775254,1,1
Inverse_trigonometric_functions,Mathematics,606,0,606,606,0.000660609264881423,0,1,0
Line_(geometry),Line_segment,4583,5383,9966,800,0.00156221292249713,0.0155941748529084,1,1
Line_segment,Line_(geometry),5383,4583,9966,800,0.0103961266075564,0.0019882708074297,1,1
Line_(geometry),Complex_number,36,0,36,36,1.22713648723318E-05,0,0,0
Inverse_trigonometric_functions,Sine,3715,1881,5596,1834,0.00404977461886879,0.000630353269274785,1,1
Degree_of_a_polynomial,Mathematics,44,0,44,44,5.45350207790824E-05,0,0,0
Number,Fundamental_theorem_of_algebra,236,0,236,236,7.54697480154654E-06,0,1,0
Plane_curve,Line_(geometry),21,0,21,21,0.00017176087614405,0,0,0
Differential_equation,Mathematics,2578,5113,7691,2535,0.00175624922934176,1.95419121252306E-05,1,1
Conic_section,Circle,6622,446,7068,6176,0.00706955968450675,0.000108447553814667,1,1
Quadratic_formula,Mathematics,11,0,11,11,7.87822837265166E-06,0,0,0
Factorization,Multiplication,90,387,477,297,0.000307703879462134,0.000119046264085219,1,1
Main_diagonal,Matrix_(mathematics),282,731,1013,449,0.00980153626915992,0.000188257908699292,1,1
Complex_number,Graph_of_a_function,209,0,209,209,1.92143606476655E-05,0,1,0
Parallel_(geometry),Geometry,898,43,941,855,0.00791405582141378,1.75481668613561E-06,1,0
Geometry,Analytic_geometry,2871,1871,4742,1000,0.00013576217908748,0.00122720633136145,1,1
Equation,Algebraic_expression,1518,0,1518,1518,0.000625298128801528,0,1,0
Algebraic_equation,Mathematics,339,0,339,339,0.00195473547643073,0,1,0
Inverse_trigonometric_functions,Trigonometric_functions,39919,12888,52807,27031,0.0435162726811906,0.0061566771141006,1,1
Cartesian_coordinate_system,Analytic_geometry,2184,4330,6514,2146,0.00127036495654061,0.0028400873408846,1,1
Arithmetic,Multiplication,4398,1997,6395,2401,0.000578229995648155,0.000614303331726568,1,1
Matrix_(mathematics),Elementary_matrix,3591,1094,4685,2497,0.00100187457400801,0.00508811177102567,1,1
Factorization,Mathematics,1474,0,1474,1474,0.00503950575919094,0,1,0
Inverse_trigonometric_functions,Multiplicative_inverse,678,512,1190,166,0.000739097494372285,0.000745832732442704,1,1
Binomial_coefficient,Integer,768,0,768,768,0.000553293791078282,0,1,0
Square_matrix,Matrix_(mathematics),7080,4439,11519,2641,0.0398448975457119,0.00114319679441335,1,1
Ellipse,Mathematics,764,0,764,764,0.00129064300713063,0,1,0
Linear_equation,System_of_linear_equations,4110,5492,9602,1382,0.00357541471765968,0.0078316508783513,1,1
Integer,Division_(mathematics),60,846,906,786,7.33440651999402E-06,0.000429281025321999,0,1
Image_(mathematics),Function_(mathematics),1558,2342,3900,784,0.0162411783715039,0.000222243077939471,1,1
Parity_(mathematics),Mathematics,367,0,367,367,0.0021343041412479,0,1,0
Exponentiation,Logarithm,3517,62567,66084,59050,0.000917617180131357,0.0187222029880956,1,1
Geometry,Complex_plane,231,0,231,231,1.09233937196823E-05,0,1,0
Symmetry,Mathematics,647,0,647,647,0.0023842601975951,0,1,0
Base_(exponentiation),Exponentiation,1626,2122,3748,496,0.0466745127307173,0.00134457572679641,1,1
Rectangle,Angle,960,0,960,960,0.00413782402179254,0,1,0
Vector_(mathematics_and_physics),Vector_space,29540,1648,31188,27892,0.0313119760358445,0.0024777409257249,1,1
Function_composition,Domain_of_a_function,275,0,275,275,0.000707188117182357,0,1,0
Graph_of_a_function,Mathematics,200,0,200,200,0.000783290839805274,0,1,0
Vertical_line_test,Domain_of_a_function,103,0,103,103,0.00160134326269803,0,1,0
Circle,Pythagorean_theorem,680,0,680,680,0.000148811445175785,0,1,0
Fundamental_theorem_of_algebra,Complex_number,4850,14524,19374,9674,0.00446445419976269,0.00213641614279803,1,1
Equation,Simultaneous_equations,36,65,101,29,1.48292046356094E-05,0.00511287658302525,0,0
Union_(set_theory),Integer,204,0,204,204,0.000232879636616442,0,1,0
Multiplication,Subtraction,2024,2514,4538,490,0.000431036961206461,0.00656422575296683,1,1
Analytic_geometry,Equation,297,0,297,297,0.000340908699599748,0,1,0
Linear_function,Function_(mathematics),602,604,1206,2,0.00109803921568627,5.73163189903673E-05,1,1
Division_(mathematics),Polynomial_long_division,190,0,190,190,0.000165275309521511,0,1,0
Linear_equation,Real_number,1511,0,1511,1511,0.00131446511882817,0,1,0
Inequality_(mathematics),Linear_inequality,66,983,1049,917,0.000114147156438678,0.016379784380051,1,1
Mathematics,Conic_section,715,609,1324,106,2.7852862233943E-06,0.000413738566141103,1,1
Set_(mathematics),Empty_set,2471,942,3413,1529,0.000594189066584524,0.00148534756660018,1,1
Exponential_growth,Exponentiation,1993,858,2851,1135,0.00192030863686029,0.000543659742502976,1,1
Piecewise,Function_(mathematics),643,217,860,426,0.00489304548325483,2.05921212266717E-05,1,1
Equation_solving,Rational_root_theorem,351,165,516,186,0.00270831243586083,0.00046952765517889,1,1
Prime_number,Floor_and_ceiling_functions,134,0,134,134,4.89017363400846E-05,0,1,0
Addition,Division_(mathematics),2920,2561,5481,359,0.000875197706262669,0.0012995138367017,1,1
Matrix_ring,Matrix_(mathematics),1243,556,1799,687,0.0530607017843422,0.000143189325905344,1,1
Sign_(mathematics),Real_number,910,268,1178,642,0.0131729419087738,1.41778080167146E-05,1,1
Real_number,Number,1565,13576,15141,12011,0.000171497809266164,0.000439708858063853,1,1
Complex_number,Natural_logarithm,71,900,971,829,6.52736653580982E-06,0.000232623478480907,1,1
Inverse_function,Function_(mathematics),3270,1509,4779,1761,0.0164340602180151,0.000143195902908054,1,1
Degree_of_a_polynomial,Integer,25,0,25,25,3.09858072608422E-05,0,0,0
Negative_number,Rational_number,249,0,249,249,0.00100987569200819,0,1,0
Exponentiation,Scientific_notation,1690,2609,4299,919,0.000440936319141881,0.00620825371745664,1,1
Summation,Empty_sum,801,154,955,647,0.0014107303567686,0.0128376125375125,1,1
Real_number,Square_root,333,3320,3653,2987,3.6491227147369E-05,0.00278157358309407,1,1
Closed_set,Set_(mathematics),152,0,152,152,0.00263769826120154,0,1,0
Triangle,Solution_of_triangles,4658,263,4921,4395,0.0022415126408705,0.00252719375792751,1,1
Polynomial,Binomial_theorem,130,0,130,130,1.65906876980434E-05,0,1,0
Unit_circle,Sine,819,3771,4590,2952,0.000971321697239383,0.00126372258290017,1,1
Calculus,Series_(mathematics),6017,2904,8921,3113,0.00102074935590325,0.005161482966573,1,1
Sum,Addition,3148,0,3148,3148,0.0226043873191398,0,1,0
Line_segment,Triangle,54,0,54,54,0.000104289585139893,0,1,0
Plane_(geometry),Geometry,1369,3205,4574,1836,0.00253439201435106,0.000130795057652666,1,1
Rational_function,Function_(mathematics),579,880,1459,301,0.00460558237947135,8.3507219721065E-05,1,1
Line_(geometry),Circle,40,11,51,29,1.36348498581464E-05,2.67471545282811E-06,1,0
Perpendicular,Slope,13,10,23,3,2.76931007964962E-05,1.5489539139742E-05,0,0
Circular_motion,Circle,710,0,710,710,0.0021990887719483,0,1,0
Complex_number,Imaginary_number,36564,40778,77342,4214,0.00336150183120212,0.0505409435185311,1,1
Cone,Ellipse,11,2102,2113,2091,1.81716960965545E-05,0.00202912009359823,0,1
Eccentricity_(mathematics),Conic_section,5041,5394,10435,353,0.0140787246758905,0.0036645415858212,1,1
Radius,Point_(geometry),101,0,101,101,0.000170996315960559,0,1,0
Common_logarithm,Logarithm,5596,14950,20546,9354,0.0297569353972466,0.00447355530346714,1,1
Analytic_geometry,Angle,30,0,30,30,3.44352221817927E-05,0,0,0
Constant_function,Domain_of_a_function,473,0,473,473,0.0103270599537138,0,1,0
Arithmetic_mean,Mathematics,880,0,880,880,0.00355740972062206,0,1,0
Zero_of_a_function,Domain_of_a_function,590,0,590,590,0.00330219568028029,0,1,0
Function_(mathematics),Function_composition,2267,1710,3977,557,0.000256956033315194,0.00989417285293556,1,1
Equation,Equation_solving,6986,1066,8052,5920,0.0028776895440102,0.0049351623372114,1,1
Orientation_(geometry),Geometry,207,0,207,207,0.00350194552529183,0,1,0
Binomial_theorem,Binomial_coefficient,38425,23289,61714,15136,0.024818647863271,0.0167782019536746,1,1
Circle,Quadratic_equation,49,65,114,16,1.07231776670786E-05,3.11363373991003E-05,1,0
Natural_logarithm,Binary_logarithm,1297,649,1946,648,0.000446981667548338,0.00342471174903037,1,1
Geometry,Circle,1094,186,1280,908,5.1732436057716E-05,4.52270067478208E-05,1,1
Unit_circle,Mathematics,341,0,341,341,0.000404420877605164,0,1,0
Multiplication,Natural_number,2092,25,2117,2067,0.000445518440140274,8.96084005366468E-06,1,0
Domain_of_a_function,Mathematics,579,0,579,579,0.00290766287180672,0,1,0
Algebraic_expression,Algebra,631,47,678,584,0.000763803231698681,8.32429910729862E-06,1,0
Algebraic_expression,Multiplication,798,0,798,798,0.000965950838186288,0,1,0
Subtraction,Integer,101,83,184,18,0.000527434423190404,1.0926384994993E-05,1,0
Identity_matrix,Main_diagonal,1602,0,1602,1602,0.00885959042367867,0,1,0
Quadratic_equation,Graph_of_a_function,1042,0,1042,1042,0.000432587541893945,0,1,0
Addition,Natural_number,2134,346,2480,1788,0.000639613666152238,0.000124018026342719,1,1
Rotation_(mathematics),Geometry,402,0,402,402,0.00470786635280891,0,1,0
Prime_number,Parity_(mathematics),2796,517,3313,2279,0.00102036757318565,0.00400883960764549,1,1
Trigonometric_functions,Mathematics,1734,597,2331,1137,0.000828342498126198,2.28173705041319E-06,1,1
Coordinate_system,Cartesian_coordinate_system,16402,14177,30579,2225,0.00700398708861397,0.0039268204858322,1,1
Union_(set_theory),Associative_property,529,160,689,369,0.000603888861618125,0.00196268446167245,1,1
Linear_inequality,Inequality_(mathematics),983,66,1049,917,0.0218395912019551,5.37163580960318E-05,1,1
Commutative_property,Real_number,54,0,54,54,0.000213433673509719,0,1,0
Division_by_zero,Mathematics,751,0,751,751,0.00176429821573303,0,1,0
Secant_line,Geometry,239,0,239,239,0.00155143426527579,0,1,0
Conic_section,Cone,3505,1732,5237,1773,0.00374189167837454,0.00228897367548115,1,1
Algebraic_expression,Mathematics,1034,24,1058,1010,0.00125162050962985,9.1728122629676E-08,1,0
Monotonic_function,Function_(mathematics),676,429,1105,247,0.00963278567051883,4.07097696140192E-05,1,1
Set_(mathematics),Function_(mathematics),116,7427,7543,7311,2.78939424216126E-05,0.000704781955532216,1,1
Matrix_multiplication,Matrix_(mathematics),8762,20088,28850,11326,0.00758461712918519,0.00517335823522761,1,1
Exponentiation,Mathematics,1822,12,1834,1810,0.000475376315666572,4.5864061314838E-08,1,0
Pythagorean_trigonometric_identity,Sine,1071,563,1634,508,0.0106331225241504,0.000188670329931794,1,1
Plane_curve,Conic_section,10,0,10,10,8.17908934019286E-05,0,0,0
Analytic_geometry,Coordinate_system,3410,3219,6629,191,0.00391413692133044,0.00192440939044826,1,1
Natural_number,Number,4332,26067,30399,21735,0.00186328110382631,0.000844275987268006,1,1
System_of_linear_equations,Linear_equation,5492,4110,9602,1382,0.00895045632333768,0.00919391099130941,1,1
Mathematics,Arithmetic,16483,15385,31868,1098,6.42096123359555E-05,0.00212142405260525,1,1
Exponentiation,Natural_logarithm,2121,1115,3236,1006,0.000553388125976289,0.000288194642784679,1,1
Transformation_(function),Function_(mathematics),2076,60,2136,2016,0.0122311907146645,5.6936740718908E-06,1,1
Multiplication,Cross_product,106,0,106,106,2.25740701027099E-05,0,1,0
Natural_number,Empty_set,190,403,593,213,8.17228554309784E-05,0.000635451241337444,1,1
Polynomial,Graph_of_a_function,1488,0,1488,1488,0.000189899563805296,0,1,0
Number,Polynomial,10,0,10,10,3.19787067862142E-07,0,0,0
Equation,Integer,165,0,165,165,6.79671879132096E-05,0,1,0
Circle,Cartesian_coordinate_system,985,0,985,985,0.000215557755144335,0,1,0
Mathematics,Subtraction,695,0,695,695,2.70737611924341E-06,0,1,0
Unit_circle,Pythagorean_theorem,1313,0,1313,1313,0.00155719827652663,0,1,0
Equation,Cartesian_coordinate_system,185,634,819,449,7.62056349329926E-05,0.000175608675179348,1,1
Inverse_function,Mathematics,793,0,793,793,0.00398538524553089,0,1,0
Geometry,Trigonometric_functions,11,740,751,729,5.20161605699155E-07,0.000353502565520984,0,1
Constant_function,Polynomial,585,89,674,496,0.0127723680188638,2.16347404341631E-05,1,1
Homogeneous_polynomial,Polynomial,1010,1873,2883,863,0.0133275272818442,0.000455301897002106,1,1
Point_(geometry),Line_segment,162,2112,2274,1950,0.000303524822522291,0.00611831642008963,1,1
Sine,Multiplicative_inverse,419,0,419,419,0.000229767693346224,0,1,0
Complex_number,Fundamental_theorem_of_algebra,14524,4850,19374,9674,0.00133526016290284,0.00386919411467653,1,1
Euclidean_vector,Vector_(mathematics_and_physics),8698,23729,32427,15031,0.0172012814934937,0.0154784059635795,1,1
Geometry,Polygon,993,7583,8576,6590,4.69564067690238E-05,0.00258124733850354,1,1
Multiplication,Factorization,387,90,477,297,8.24166521674408E-05,0.000205136153423608,1,1
Origin_(mathematics),Point_(geometry),604,0,604,604,0.0346927053417576,0,1,0
Mathematics,Equation,33,1756,1789,1723,1.28551671848968E-07,0.000830496434446117,0,1
Multiplication,Arithmetic,1997,4398,6395,2401,0.000425286962218034,0.000606436333009937,1,1
Displacement_(vector),Force,167,0,167,167,0.00168089218133505,0,1,0
Curve,Circle,49,1566,1615,1517,4.56795958567674E-05,0.00038078221810262,1,1
Square_matrix,Determinant,706,7302,8008,6596,0.00397323413379556,0.0108667829441213,1,1
Function_(mathematics),Graph_of_a_function,8065,2797,10862,5268,0.00091413780709618,0.00451061373052107,1,1
Domain_of_a_function,Function_(mathematics),4390,12309,16699,7919,0.0220460103751839,0.0011680572358484,1,1
Logarithm,Multiplication,243,194,437,49,2.90855955562955E-05,5.96769385853551E-05,1,1
Floor_and_ceiling_functions,Mathematics,218,0,218,218,0.000534181489386206,0,1,0
Mathematics,Division_(mathematics),662,0,662,662,2.57882444739444E-06,0,1,0
Inverse_trigonometric_functions,Domain_of_a_function,638,0,638,638,0.000695492922432917,0,1,0
Minor_(linear_algebra),Determinant,3491,7665,11156,4174,0.0168305041437463,0.0114069968867009,1,1
Complex_number,Pythagorean_theorem,698,458,1156,240,6.41704484788064E-05,0.000156840452508677,1,1
Cubic_function,Mathematics,21,0,21,21,0.00013613644761664,0,0,0
Polynomial,Algebraic_expression,103,2100,2203,1997,1.31449294838344E-05,0.00305037032948357,1,1
Exponential_function,Slope,10,0,10,10,3.29257997347498E-06,0,0,0
Line_(geometry),Slope,2277,2211,4488,66,0.000776163828174986,0.00342473710379695,1,1
Number,Division_(mathematics),352,323,675,29,1.12565047887474E-05,0.000163898074679676,1,1
Empty_set,Set_(mathematics),942,2471,3413,1529,0.00816935364975848,0.000950702369368839,1,1
Cartesian_coordinate_system,Plane_(geometry),2918,1206,4124,1712,0.00169730995567101,0.00223263460139327,1,1
Fundamental_theorem_of_algebra,Polynomial,2827,1184,4011,1643,0.00260227052015034,0.00028781497386572,1,1
Summation,Addition,3760,2926,6686,834,0.00662215498308356,0.00142917849101024,1,1
Vector_space,Scalar_multiplication,3790,794,4584,2996,0.00569820273573871,0.0111651714149113,1,1
Eccentricity_(mathematics),Mathematics,581,0,581,581,0.00162264214177591,0,1,0
Simultaneous_equations,Equation,65,36,101,29,0.00511287658302525,1.70261228018566E-05,0,0
Mathematics,Trigonometry,6163,4144,10307,2019,2.40079985940966E-05,0.00114962011768626,1,1
Subtraction,Division_(mathematics),195,2505,2700,2310,0.00101831398536761,0.00127109807143216,1,1
Sine,Real_number,643,0,643,643,0.000352602927975231,0,1,0
Right_triangle,Triangle,5981,5448,11429,533,0.0108527019253974,0.00238334076304527,1,1
Circle,Circular_sector,2647,0,2647,2647,0.000579270434382797,0,1,0
Open_set,Real_line,35,72,107,37,7.18885111889333E-05,0.000720937218383899,0,1
Rotation_of_axes,Coordinate_system,1040,1069,2109,29,0.0160076344102572,0.000639078483500835,1,1
Even_and_odd_functions,Domain_of_a_function,40,0,40,40,0.000236497472433263,0,1,0
Polynomial,Slope,67,0,67,67,8.55058519822235E-06,0,1,0
Exponential_function,Function_(mathematics),907,370,1277,537,0.00029863700359418,3.51109901099932E-05,1,1
Exponential_function,Complex_number,732,368,1100,364,0.000241016854058368,5.41311718913299E-05,1,1
Dot_product,Product_(mathematics),1815,361,2176,1454,0.00146416309566834,0.00149252497188596,1,1
Vector_(mathematics_and_physics),Vector_field,2381,0,2381,2381,0.0025238258273983,0,1,0
Perpendicular,Pythagorean_theorem,12,0,12,12,2.55628622736888E-05,0,0,0
Interval_(mathematics),Mathematics,482,0,482,482,0.00173391274317946,0,1,0
Polynomial,Monomial,1601,5273,6874,3672,0.000204320700035134,0.164467733383238,1,1
Cone,Conic_section,1732,3505,5237,1773,0.00286121614902112,0.00238120471974477,1,1
Real_line,Real_number,1889,3130,5019,1241,0.0260074621728415,0.000165584101090734,1,1
Commutative_property,Division_(mathematics),504,92,596,412,0.00199204761942405,4.66830429428178E-05,1,1
Geometry,Parallel_(geometry),43,898,941,855,2.0333590040967E-06,0.00791405582141378,0,1
Slope,Line_(geometry),2211,2277,4488,66,0.0095892371547159,0.000987844780387832,1,1
Function_composition,Mathematics,257,0,257,257,0.00066089944042133,0,1,0
Number,Square_root,10,0,10,10,3.19787067862142E-07,0,0,0
Polynomial,Subtraction,1783,0,1783,1783,0.000227547662812395,0,1,0
Trigonometric_functions,Geometry,740,11,751,729,0.000353502565520984,4.48906594127714E-07,1,0
Hyperbola,Focus_(geometry),566,1070,1636,504,0.00184311388555109,0.0129571324775975,1,1
Line_(geometry),Triangle,283,0,283,283,9.6466562746386E-05,0,1,0
Pythagorean_theorem,Pythagorean_trigonometric_identity,5698,2776,8474,2922,0.00260167917432986,0.0275607358795906,1,1
Multiplication,Matrix_multiplication,130,44,174,86,2.76851803146442E-05,4.35286284821666E-05,1,0
Curve,Conic_section,526,1001,1527,475,0.000490356477972646,0.000680053045496296,1,1
Matrix_(mathematics),Main_diagonal,731,282,1013,449,0.000203946063380633,0.0049008533046002,1,1
Angle,Perpendicular,841,3014,3855,2173,0.000648486928091976,0.00834669524592842,1,1
Logarithm,Base_(exponentiation),2442,435,2877,2007,0.000292292281269439,0.0136218450554268,1,1
Trigonometry,Trigonometric_substitution,281,0,281,281,7.79544529608683E-05,0,1,0
Circle,Perpendicular,92,11,103,81,2.01333131708414E-05,3.04623914084979E-05,1,0
Scientific_notation,Integer,768,0,768,768,0.00234963699944013,0,1,0
Geometric_series,Series_(mathematics),13208,7880,21088,5328,0.0228098140226475,0.0140056769203152,1,1
Polar_coordinate_system,Coordinate_system,3340,10122,13462,6782,0.00681116950227481,0.0060512183442427,1,1
Function_composition,Real_number,30,0,30,30,7.71477946017117E-05,0,0,0
Absolute_value,Sign_(mathematics),3346,2020,5366,1326,0.0191318070580701,0.0584812252106193,1,1
Summation,Mathematics,675,0,675,675,0.00118881771637803,0,1,0
Logarithm,Nth_root,1130,584,1714,546,0.000135254004027218,0.00111702565142296,1,1
Line_(geometry),Parallel_(geometry),569,1745,2314,1176,0.000193955739232133,0.0153786496752417,1,1
Plane_curve,Curve,1116,368,1484,748,0.00912786370365523,0.000343063087250825,1,1
Operation_(mathematics),Mathematics,1376,588,1964,788,0.0181638175697974,2.24733900442706E-06,1,1
Constant_function,Function_(mathematics),701,699,1400,2,0.015305008514912,6.63313029375278E-05,1,1
Square_(algebra),Algebra,349,0,349,349,0.0036439191446709,0,1,0
Rational_root_theorem,Polynomial,52,0,52,52,0.000174876325444842,0,1,0
Exponentiation,Base_(exponentiation),2122,1626,3748,496,0.00055364903504087,0.0509175173795954,1,1
Constant_function,Mathematics,183,0,183,183,0.00399545871359329,0,1,0
Mathematics,Geometry,21071,17949,39020,3122,8.20821902281696E-05,0.000732493132545304,1,1
Mathematics,Quadratic_equation,10,0,10,10,3.89550520754447E-08,0,0,0
Right_triangle,Angle,1843,11,1854,1832,0.00334417817229685,7.82953256978783E-06,1,0
Negative_number,Integer,1091,21,1112,1070,0.00442479670675076,2.76450704692593E-06,1,0
Function_(mathematics),Mathematics,5797,1207,7004,4590,0.000657068427493683,4.61316016725079E-06,1,1
Equation,Inequality_(mathematics),229,0,229,229,9.43302183765152E-05,0,1,0
Polynomial,Equation,46,812,858,766,5.87055103161534E-06,0.000384033658752988,0,1
Equation_solving,Number,54,0,54,54,0.000416663451670898,0,1,0
Addition,Integer,1032,0,1032,1032,0.000309316449610642,0,1,0
Polynomial_long_division,Polynomial,1878,603,2481,1275,0.00521708693200286,0.000146581443615734,1,1
Complex_number,Multiplicative_inverse,857,149,1006,708,7.87880721294228E-05,0.000217048978777271,1,1
Parity_(mathematics),Division_(mathematics),63,0,63,63,0.000366379185009857,0,1,0
Identity_(mathematics),Equality_(mathematics),1179,964,2143,215,0.0279099495774448,0.00275484455418099,1,1
Quadratic_equation,Real_number,873,320,1193,553,0.000362426990473526,1.6928725990107E-05,1,1
Series_(mathematics),Mathematics,874,1497,2371,623,0.00207122747480876,5.72154164902604E-06,1,1
Linear_function,Degree_of_a_polynomial,400,6694,7094,6294,0.000729594163246694,0.00585653843058068,1,1
Line_segment,Geometry,1765,34,1799,1731,0.00340872440318354,1.38752947275839E-06,1,0
Linear_equation,Equation_solving,722,0,722,722,0.000628089884708099,0,1,0
Triangle,Law_of_sines,1937,545,2482,1392,0.000932118932023651,0.000858820878329507,1,1
Pythagorean_theorem,Distance,10,332,342,322,4.56595151690041E-06,0.000569896423041668,0,1
Angle,Cartesian_coordinate_system,396,0,396,396,0.000305351752109896,0,1,0
Sine_wave,Curve,4498,0,4498,4498,0.00522546280430073,0,1,0
Matrix_multiplication,Multiplication,44,130,174,86,3.80875546318362E-05,3.99897011138977E-05,0,1
Vector_space,Vector_(mathematics_and_physics),1648,29540,31188,27892,0.0024777409257249,0.019268916185433,1,1
Complex_number,Sine,25,1335,1360,1310,2.29836849852459E-06,0.00044737991200523,0,1
Associative_property,Subtraction,552,869,1421,317,0.000615576082192789,0.00226901836886562,1,1
Graph_of_a_function,Cartesian_coordinate_system,2667,1575,4242,1092,0.0104451833488033,0.00043625183502756,1,1
Triangle,Right_triangle,5448,5981,11429,533,0.00262167472465919,0.0108527019253974,1,1
Limit_of_a_function,Limit_(mathematics),1545,25976,27521,24431,0.00900113606571703,0.0465677442718053,1,1
Line_(geometry),Linear_equation,4140,2461,6601,1679,0.00141120696031816,0.00550516178822687,1,1
Function_(mathematics),Rational_function,880,579,1459,301,9.97447328263656E-05,0.00460558237947135,1,1
Algebraic_equation,Equation,2168,6685,8853,4517,0.0125010811590025,0.00316165641473365,1,1
Geometry,Cone,92,212,304,120,4.35044252039294E-06,0.000280174606929564,1,1
Linear_equation,Slope,2269,1573,3842,696,0.00197387250471285,0.00243650450668141,1,1
Matrix_multiplication,Mathematics,644,0,644,644,0.00055746329961142,0,1,0
Pythagorean_theorem,Sine,611,85,696,526,0.000278979637682615,2.84848633111945E-05,1,1
Polynomial,Quadratic_equation,673,655,1328,18,8.58887140060245E-05,0.000313758476867857,1,1
Trigonometric_functions,Identity_(mathematics),219,120,339,99,0.000104617651147426,0.000710189443033929,1,1
Mathematical_proof,Mathematics,1305,26634,27939,25329,0.00555354597101943,0.000101795284088283,1,1
Mathematics,Multiplication,866,0,866,866,3.37350750973351E-06,0,1,0
Exponential_function,E_(mathematical_constant),23961,16268,40229,7693,0.00788935087444339,0.00414089320400212,1,1
Triangle,Polygon,9845,5869,15714,3976,0.00473758951253115,0.0019978030633888,1,1
Real_number,Complex_number,12036,15019,27055,2983,0.00131894417401121,0.0022092284528149,1,1
Complex_number,Real_number,15019,12036,27055,2983,0.00138076785917363,0.000636731706302898,1,1
Arithmetic,Division_by_zero,895,0,895,895,0.000117670724444088,0,1,0
Square_matrix,Main_diagonal,1180,41,1221,1139,0.00664081625761865,0.000712535409534071,1,0
Range_(statistics),Function_(mathematics),36,0,36,36,0.000248761375650407,0,1,0
Interval_(mathematics),Integer,443,0,443,443,0.00159361689881432,0,1,0
Matrix_(mathematics),Minor_(linear_algebra),1589,2989,4578,1400,0.000443324616568846,0.0172923500587211,1,1
Complex_number,Interval_(mathematics),10,0,10,10,9.19347399409834E-07,0,0,0
Slope,Analytic_geometry,828,267,1095,561,0.0035910847417932,0.000175127787532607,1,1
Graph_of_a_function,Analytic_geometry,23,0,23,23,9.00784465776065E-05,0,0,0
Negative_number,Real_number,2753,277,3030,2476,0.0111654127714801,1.46539284351863E-05,1,1
Addition,Subtraction,9652,1778,11430,7874,0.00289294803453674,0.00464247947047535,1,1
Geometry,Coordinate_system,882,3353,4235,2471,4.17075032933323E-05,0.00200451838650917,1,1
Coordinate_system,Analytic_geometry,3219,3410,6629,191,0.00137457837082358,0.0022366507696112,1,1
Addition,Real_number,674,96,770,578,0.000202014813020904,5.07861779703209E-06,1,0
Scalar_(mathematics),Scalar_multiplication,4079,758,4837,3321,0.0271801056819015,0.010658941980482,1,1
Work_(physics),Force,17076,1523,18599,15553,0.0563209330092252,0.00128411699882549,1,1
Multiplication,Distributive_property,583,519,1102,64,0.000124157385564904,0.00221742752771784,1,1
Polynomial,Quadratic_function,239,8590,8829,8351,3.05013412294797E-05,0.0410070843437912,1,1
Area,Cone,33,0,33,33,0.00021334505653644,0,0,0
Polygon,Geometry,7583,993,8576,6590,0.00315485761952409,4.052402254262E-05,1,1
Logarithm,Function_(mathematics),526,213,739,313,6.29589434675368E-05,2.02125429552123E-05,1,1
List_of_mathematical_symbols,Mathematics,4704,416,5120,4288,0.00845872773829732,1.58995412558105E-06,1,1
Equality_(mathematics),Inequality_(mathematics),1309,2503,3812,1194,0.00353293946501202,0.00203715218658133,1,1
Focus_(geometry),Geometry,35,0,35,35,0.000593361136540874,0,1,0
Line_(geometry),Curve,4721,2253,6974,2468,0.00160925315450773,0.00210032917276116,1,1
Exponentiation,Complex_number,1748,824,2572,924,0.000456069044887578,0.000121206754452326,1,1
Quadratic_function,Quadratic_equation,7111,14983,22094,7872,0.0339466096354714,0.00717716528078031,1,1
Cone,Line_(geometry),1081,0,1081,1081,0.00178578213457958,0,1,0
Polar_coordinate_system,Mathematics,430,0,430,430,0.00087688709161023,0,1,0
Elementary_matrix,Identity_matrix,3022,0,3022,3022,0.0351374920062787,0,1,0
Pythagorean_trigonometric_identity,Trigonometric_functions,2658,2805,5463,147,0.0263892060403284,0.00133996580579238,1,1
Continuous_function,Function_(mathematics),2446,946,3392,1500,0.0126941620348026,8.97702612001449E-05,1,1
Integer,Real_number,8252,18064,26316,9812,0.00100872537671651,0.000955626582141538,1,1
Matrix_(mathematics),Identity_matrix,1892,0,1892,1892,0.00052786039933811,0,1,0
Partial_fraction_decomposition,Polynomial,1183,0,1183,1183,0.00290067576182583,0,1,0
Quadratic_equation,Degree_of_a_polynomial,2757,0,2757,2757,0.00114457183589405,0,1,0
Trigonometry,Trigonometric_functions,57658,2909,60567,54749,0.0159953660100275,0.00138964724743317,1,1
Elementary_matrix,Square_matrix,379,0,379,379,0.00440672053950352,0,1,0
Number,Complex_number,13413,6977,20390,6436,0.000428930394123491,0.00102628583229839,1,1
Function_(mathematics),Linear_function,604,602,1206,2,6.84611575308237E-05,0.00237907990467873,1,1
Quadratic_equation,Equation,499,2993,3492,2494,0.000207160444726563,0.00141553293183213,1,1
Line_segment,Chord_(geometry),939,1354,2293,415,0.00181348000826592,0.00413953346173836,1,1
Mathematics,Fundamental_theorem_of_algebra,1023,0,1023,1023,3.985101827318E-06,0,1,0
Quadratic_equation,Rational_number,10,0,10,10,4.15151191836799E-06,0,0,0
Function_composition,Interval_(mathematics),71,0,71,71,0.000182583113890718,0,1,0
Summation,Arithmetic,488,756,1244,268,0.000859471178655526,0.000104244171840726,1,1
Polynomial,Natural_number,1006,0,1006,1006,0.000128386398647936,0,1,0
Algebraic_expression,Exponentiation,1666,0,1666,1666,0.00201663420603804,0,1,0
Square_root,Natural_logarithm,108,0,108,108,3.44704650352987E-05,0,1,0
Polynomial,Rational_number,11,0,11,11,1.40382742060367E-06,0,0,0
Logarithm,Integer,10,0,10,10,1.19693808873644E-06,0,0,0
Natural_logarithm,Exponentiation,1115,2121,3236,1006,0.00038425949060632,0.00134394209073288,1,1
Complex_conjugate,Complex_number,6218,7852,14070,1634,0.0405084072208939,0.00115499446111609,1,1
Binomial,Polynomial,15,382,397,367,1.5106637755919E-05,9.28592229870819E-05,0,1
Real_number,Rational_number,40027,38724,78751,1303,0.00438628933641964,0.00754051096873289,1,1
Limit_(mathematics),Calculus,3437,4750,8187,1313,0.00616158519641958,0.000495883177857428,1,1
Limit_of_a_function,Mathematics,355,0,355,355,0.0020682222028023,0,1,0
Origin_(mathematics),Mathematics,187,0,187,187,0.0107409534750144,0,1,0
Linear_function,Graph_of_a_function,252,0,252,252,0.000459644322845417,0,1,0
Number,Subtraction,388,0,388,388,1.24077382330511E-05,0,1,0
Chord_(geometry),Line_segment,1354,939,2293,415,0.00413953346173836,0.00272021738563644,1,1
Determinant,Matrix_(mathematics),247,13715,13962,13468,0.000122527985491099,0.00353208921725143,1,1
Chord_(geometry),Circle,6094,3785,9879,2309,0.0186309578403498,0.000920345271723127,1,1
Factorization,Number,55,0,55,55,0.000188041259671304,0,1,0
Exponential_function,Natural_logarithm,11641,7716,19357,3925,0.00383289234712222,0.00199435862217631,1,1
Orientation_(geometry),Plane_(geometry),208,0,208,208,0.00351886313652512,0,1,0
Set_(mathematics),E_(mathematical_constant),10,0,10,10,2.40465020875971E-06,0,0,0
Square_root,Common_logarithm,668,0,668,668,0.000213206209662774,0,1,0
Function_composition,Transformation_(function),38,278,316,240,9.77205398288348E-05,0.00191087618484634,1,1
Analytic_geometry,Line_(geometry),876,1681,2557,805,0.00100550848770835,0.000729278469842752,1,1
Multiplication,Real_number,404,38,442,366,8.60370219008943E-05,2.0102862113252E-06,1,0
Real_number,Absolute_value,10,2474,2484,2464,1.09583264706814E-06,0.0141458728815498,0,1
Division_(mathematics),Division_by_zero,3032,1421,4453,1611,0.00263744599194326,0.00333830594481576,1,1
Cone,Circle,709,10,719,699,0.00117124841204156,2.43155950257101E-06,1,0
Complex_number,Zero_(complex_analysis),29,44,73,15,2.66610745828852E-06,0.0307262569832402,0,1
Binary_logarithm,Mathematics,12,0,12,12,8.8651827335791E-05,0,0,0
Exponentiation,Multiplication,2942,2227,5169,715,0.000767594467997285,0.000685054341389617,1,1
Law_of_sines,Angle,11,0,11,11,1.08337560139657E-05,0,0,0
Factorization,Real_number,236,0,236,236,0.000806867950589595,0,1,0
Mathematics,Mathematical_analysis,16315,5401,21716,10914,6.35551674610881E-05,0.0313388494969305,1,1
Complex_number,Negative_number,396,506,902,110,3.64061570166294E-05,0.00307828954172421,1,1
Complex_number,E_(mathematical_constant),995,301,1296,694,9.14750662412785E-05,7.66172150482319E-05,1,1
Equation_solving,Equation,1066,6986,8052,5920,0.00822524517557735,0.0033040137192714,1,1
Function_(mathematics),Exponential_function,370,907,1277,537,4.19381263019946E-05,0.000709262562431918,1,1
Pythagorean_theorem,Geometry,977,2023,3000,1046,0.00044609346320117,8.25580036291241E-05,1,1
Transformation_(function),Mathematics,49,0,49,49,0.000288693807812408,0,1,0
Imaginary_number,Complex_number,40778,36564,77342,4214,0.0631761598227634,0.00537840263324616,1,1
Line_(geometry),Perpendicular,530,1569,2099,1039,0.00018066176062044,0.00434504473817575,1,1
Periodic_function,Function_(mathematics),1170,0,1170,1170,0.00922873053684393,0,1,0
Equation,Linear_equation,4466,3152,7618,1314,0.00183964521951754,0.00705090205464896,1,1
